Iteration	CPUTime	PhysTime	Travels	Value	AvValue	MinValue	MaxValue	Delta	Criteria	PrevAvRefValue	Progress	CriteriaType	CriteriaVarType	CriteriaPercentage
1	2	0	0.025	16302.7272	16302.7272	16302.7272	16302.7272	0	0	0	0	0	0	3
2	2	0	0.05	16077.6194	16190.1733	16077.6194	16302.7272	112.553905	0	0	0	0	0	3
3	2	0	0.075	16069.9774	16150.108	16069.9774	16302.7272	152.619209	0	0	0	0	0	3
4	2	0	0.1	16069.3588	16129.9207	16069.3588	16302.7272	172.806492	0	0	0	0	0	3
5	3	0	0.125	16068.8854	16117.7136	16068.8854	16302.7272	185.013559	0	0	0	0	0	3
6	3	0	0.15	16067.2579	16109.3043	16067.2579	16302.7272	193.422854	0	0	0	0	0	3
7	3	0	0.175	16065.9122	16103.1055	16065.9122	16302.7272	199.621725	0	0	0	0	0	3
8	3	0	0.2	16065.4893	16098.4034	16065.4893	16302.7272	204.323744	0	0	0	0	0	3
9	4	0	0.225	16065.5957	16094.7581	16065.4893	16302.7272	207.969044	0	0	0	0	0	3
10	4	0	0.25	16065.6888	16091.8512	16065.4893	16302.7272	210.875977	0	0	0	0	0	3
11	4	0	0.275	16064.9804	16089.4084	16064.9804	16302.7272	213.318777	0	0	0	0	0	3
12	4	0	0.3	16065.1645	16087.3881	16064.9804	16302.7272	215.339103	0	0	0	0	0	3
13	4	0	0.325	16064.2727	16085.61	16064.2727	16302.7272	217.117205	0	0	0	0	0	3
14	5	0	0.35	16064.0911	16084.0729	16064.0911	16302.7272	218.65427	0	0	0	0	0	3
15	5	0	0.375	16062.8174	16082.6559	16062.8174	16302.7272	220.071303	0	0	0	0	0	3
16	5	0	0.4	16062.3534	16081.387	16062.3534	16302.7272	221.34021	0	0	0	0	0	3
17	5	0	0.425	16061.8688	16080.2388	16061.8688	16302.7272	222.488335	0	0	0	0	0	3
18	6	0	0.45	16061.5208	16079.199	16061.5208	16302.7272	223.528225	0	0	0	0	0	3
19	6	0	0.475	16061.7777	16078.282	16061.5208	16302.7272	224.445133	0	0	0	0	0	3
20	6	0	0.5	16062.2161	16077.4787	16061.5208	16302.7272	225.248431	0	0	0	0	0	3
21	6	0	0.525	16062.2772	16065.4562	16061.5208	16077.6194	16.0985457	0	0	0	0	0	3
22	7	0	0.55	16061.1431	16064.6324	16061.1431	16069.9774	8.83425608	0	0	0	0	0	3
23	7	0	0.575	16060.8551	16064.1763	16060.8551	16069.3588	8.50373134	0	0	0	0	0	3
24	7	0	0.6	16061.1185	16063.7643	16060.8551	16068.8854	8.03024748	0	0	0	0	0	3
25	7	0	0.625	16060.8904	16063.3646	16060.8551	16067.2579	6.4027418	0	0	0	0	0	3
26	7	0	0.65	16061.2743	16063.0654	16060.8551	16065.9122	5.05712091	0	0	0	0	0	3
27	8	0	0.675	16061.1476	16062.8271	16060.8551	16065.6888	4.83370176	0	0	0	0	0	3
28	8	0	0.7	16060.9319	16062.5993	16060.8551	16065.6888	4.83370176	0	0	0	0	0	3
29	8	0	0.725	16060.4039	16062.3397	16060.4039	16065.6888	5.28495373	0	0	0	0	0	3
30	8	0	0.75	16061.7207	16062.1413	16060.4039	16065.1645	4.76064067	0	0	0	0	0	3
31	9	0	0.775	16059.1839	16061.8514	16059.1839	16065.1645	5.98061845	0	0	0	0	0	3
32	9	0	0.8	16060.0141	16061.5939	16059.1839	16064.2727	5.088863	0	0	0	0	0	3
33	9	0	0.825	16059.071	16061.3338	16059.071	16064.0911	5.02009044	0	0	0	0	0	3
34	9	0	0.85	16059.5207	16061.1053	16059.071	16062.8174	3.74644061	0	0	0	0	0	3
35	10	0	0.875	16058.8096	16060.9049	16058.8096	16062.3534	3.54372972	0	0	0	0	0	3
36	10	0	0.9	16060.0942	16060.792	16058.8096	16062.2772	3.46751758	0	0	0	0	0	3
37	10	0	0.925	16061.3211	16060.7646	16058.8096	16062.2772	3.46751758	0	0	0	0	0	3
38	10	0	0.95	16060.0803	16060.6926	16058.8096	16062.2772	3.46751758	0	0	0	0	0	3
39	10	0	0.975	16060.1519	16060.6113	16058.8096	16062.2772	3.46751758	0	0	0	0	0	3
40	11	0	1	16060.6479	16060.5329	16058.8096	16062.2772	3.46751758	0.699679667	0	0	0	0	3
41	11	0	1.025	16059.4001	16060.389	16058.8096	16061.7207	2.91107461	0.699679667	0	0	0	0	3
42	11	0	1.05	16060.1309	16060.3384	16058.8096	16061.7207	2.91107461	0.699679667	0	0	0	0	3
43	11	0	1.075	16061.096	16060.3504	16058.8096	16061.7207	2.91107461	0.699679667	0	0	0	0	3
44	12	0	1.1	16059.2524	16060.2982	16058.8096	16061.7207	2.91107461	0.699679667	0	0	0	0	3
45	12	0	1.125	16058.4213	16060.1697	16058.4213	16061.7207	3.19483407	0.699679667	0	0	0	0	3
46	12	0	1.15	16059.0816	16060.0836	16058.4213	16061.7207	2.98178732	0.699679667	0	0	0	0	3
47	12	0	1.175	16060.2038	16060.0326	16058.4213	16061.7207	2.79452826	0.699679667	0	0	0	0	3
48	12	0	1.2	16058.1941	16059.892	16058.1941	16061.7207	2.7072999	0.699679667	0	0	0	0	3
49	12	0	1.225	16059.0148	16059.8007	16058.1941	16061.7207	2.53899332	0.699679667	0	0	0	0	3
50	12	0	1.25	16058.2419	16059.6977	16058.1941	16061.7207	2.44353949	0.699679667	0	0	0	0	3
51	13	0	1.275	16058.8258	16059.5599	16058.1941	16061.3211	2.2915684	0.699679667	0	0	0	0	3
52	13	0	1.3	16059.4998	16059.5749	16058.1941	16061.3211	2.03404692	0.699679667	0	0	0	0	3
53	13	0	1.325	16057.914	16059.4749	16057.914	16061.3211	1.85891741	0.699679667	0	0	0	0	3
54	13	0	1.35	16059.9535	16059.5169	16057.914	16061.3211	1.63039911	0.699679667	0	0	0	0	3
55	13	0	1.375	16058.5617	16059.4713	16057.914	16061.3211	1.43365544	0.699679667	0	0	0	0	3
56	14	0	1.4	16060.3375	16059.544	16057.914	16061.3211	1.32069643	0.699679667	0	0	0	0	3
57	14	0	1.425	16057.662	16059.4282	16057.662	16061.3211	1.33637254	0.699679667	0	0	0	0	3
58	14	0	1.45	16059.3503	16059.3344	16057.662	16061.096	1.3581934	0.699679667	0	0	0	0	3
59	14	0	1.475	16058.263	16059.2478	16057.662	16061.096	1.36344403	0.699679667	0	0	0	0	3
60	14	0	1.5	16058.5832	16059.1731	16057.662	16061.096	1.3597368	0.699679667	0	0	0	0	3
61	14	0	1.525	16059.1683	16059.1027	16057.662	16061.096	1.28634107	0.699679667	0	0	0	0	3
62	14	0	1.55	16058.0284	16059.0373	16057.662	16061.096	1.31309583	0.699679667	0	0	0	0	3
63	15	0	1.575	16058.5078	16058.9601	16057.662	16061.096	1.39038748	0.699679667	0	0	0	0	3
64	15	0	1.6	16057.6705	16058.7969	16057.662	16060.3375	1.501221	0.699679667	0	0	0	0	3
65	15	0	1.625	16058.0487	16058.7396	16057.662	16060.3375	1.43010328	0.699679667	0	0	0	0	3
66	15	0	1.65	16057.759	16058.7081	16057.662	16060.3375	1.37551161	0.699679667	0	0	0	0	3
67	15	0	1.675	16057.9181	16058.6527	16057.662	16060.3375	1.3799434	0.699679667	0	0	0	0	3
68	15	0	1.7	16056.7054	16058.4861	16056.7054	16060.3375	1.40588888	0.699679667	0	0	0	0	3
69	15	0	1.725	16057.7455	16058.4647	16056.7054	16060.3375	1.33595893	0.699679667	0	0	0	0	3
70	16	0	1.75	16056.9976	16058.3687	16056.7054	16060.3375	1.3290656	0.699679667	0	0	0	0	3
71	16	0	1.775	16057.7004	16058.3429	16056.7054	16060.3375	1.23203706	0.699679667	0	0	0	0	3
72	16	0	1.8	16057.5187	16058.2806	16056.7054	16060.3375	1.29427835	0.699679667	0	0	0	0	3
73	16	0	1.825	16057.3107	16058.1764	16056.7054	16060.3375	1.36762869	0.699679667	0	0	0	0	3
74	16	0	1.85	16057.8999	16058.1757	16056.7054	16060.3375	1.36829991	0.699679667	0	0	0	0	3
75	16	0	1.875	16057.6825	16058.0676	16056.7054	16060.3375	1.47644396	0.699679667	0	0	0	0	3
76	17	0	1.9	16056.4401	16057.9666	16056.4401	16060.3375	1.57747038	0.699679667	0	0	0	0	3
77	17	0	1.925	16057.7127	16057.8416	16056.4401	16059.3503	1.58663962	0.699679667	0	0	0	0	3
78	17	0	1.95	16057.8596	16057.851	16056.4401	16059.3503	1.49279428	0.699679667	0	0	0	0	3
79	17	0	1.975	16057.3581	16057.7561	16056.4401	16059.1683	1.49170886	0.699679667	0	0	0	0	3
80	17	0	2	16057.3824	16057.7142	16056.4401	16059.1683	1.45893873	0.699679667	0	0	0	0	3
81	17	0	2.025	16058.7227	16057.7208	16056.4401	16059.1683	1.38848127	0.699679667	0	0	0	0	3
82	18	0	2.05	16055.4757	16057.545	16055.4757	16058.7227	1.49235689	0.699679667	0	0	0	0	3
83	18	0	2.075	16057.8607	16057.537	16055.4757	16058.7227	1.42305452	0.699679667	0	0	0	0	3
84	18	0	2.1	16056.2833	16057.4311	16055.4757	16058.7227	1.36586352	0.699679667	0	0	0	0	3
85	18	0	2.125	16058.2462	16057.4585	16055.4757	16058.7227	1.30854729	0.699679667	0	0	0	0	3
86	18	0	2.15	16056.5156	16057.3855	16055.4757	16058.7227	1.32259799	0.699679667	0	0	0	0	3
87	18	0	2.175	16056.7013	16057.3351	16055.4757	16058.7227	1.31755746	0.699679667	0	0	0	0	3
88	18	0	2.2	16055.9762	16057.2426	16055.4757	16058.7227	1.24343755	0.699679667	0	0	0	0	3
89	19	0	2.225	16058.6691	16057.3362	16055.4757	16058.7227	1.22207991	0.699679667	0	0	0	0	3
90	19	0	2.25	16057.4588	16057.3225	16055.4757	16058.7227	1.12602269	0.699679667	0	0	0	0	3
91	19	0	2.275	16058.0628	16057.3732	16055.4757	16058.7227	1.10023892	0.699679667	0	0	0	0	3
92	19	0	2.3	16056.0409	16057.2942	16055.4757	16058.7227	1.03799764	0.699679667	0	0	0	0	3
93	19	0	2.325	16057.538	16057.2951	16055.4757	16058.7227	0.933753648	0.699679667	0	0	0	0	3
94	19	0	2.35	16056.1457	16057.2396	16055.4757	16058.7227	0.936085817	0.699679667	0	0	0	0	3
95	19	0	2.375	16056.7003	16057.1825	16055.4757	16058.7227	0.885069033	0.699679667	0	0	0	0	3
96	20	0	2.4	16056.126	16057.1084	16055.4757	16058.7227	0.858157842	0.699679667	0	0	0	0	3
97	20	0	2.425	16056.6057	16057.1163	16055.4757	16058.7227	0.742580891	0.699679667	0	0	0	0	3
98	20	0	2.45	16056.747	16057.0703	16055.4757	16058.7227	0.780684767	0.699679667	0	0	0	0	3
99	20	0	2.475	16057.0329	16057.0309	16055.4757	16058.7227	0.725188583	0.699679667	0	0	0	0	3
100	20	0	2.5	16055.8567	16056.9594	16055.4757	16058.7227	0.761401078	0.699679667	0	0	0	0	3
101	21	0	2.525	16058.0038	16056.989	16055.4757	16058.7227	0.761401078	0.699679667	0	0	0	0	3
102	21	0	2.55	16055.7826	16056.849	16055.4757	16058.6691	0.695979398	0.699679667	0	0	0	0	3
103	21	0	2.575	16058.9152	16057.0128	16055.7826	16058.9152	0.687990119	0.699679667	0	0	0	0	3
104	21	0	2.6	16057.5511	16056.9981	16055.7826	16058.9152	0.609473346	0.699679667	0	0	0	0	3
105	21	0	2.625	16057.5385	16057.0578	16055.7826	16058.9152	0.609473346	0.699679667	0	0	0	0	3
106	21	0	2.65	16058.4927	16057.0696	16055.7826	16058.9152	0.536467998	0.699679667	0	0	0	0	3
107	21	0	2.675	16055.8722	16057.0389	16055.7826	16058.9152	0.524211391	0.699679667	0	0	0	0	3
108	22	0	2.7	16056.9479	16057.0507	16055.7826	16058.9152	0.524211391	0.699679667	0	0	0	0	3
109	22	0	2.725	16056.6355	16057.0821	16055.7826	16058.9152	0.524211391	0.699679667	0	0	0	0	3
110	22	0	2.75	16057.8766	16057.0443	16055.7826	16058.9152	0.524211391	0.699679667	0	0	0	0	3
111	22	0	2.775	16057.9894	16057.0696	16055.7826	16058.9152	0.524211391	0.699679667	0	0	0	0	3
112	22	0	2.8	16058.4534	16057.0882	16055.7826	16058.9152	0.44610285	0.699679667	0	0	0	0	3
113	22	0	2.825	16055.9988	16057.0862	16055.7826	16058.9152	0.44610285	0.699679667	0	0	0	0	3
114	22	0	2.85	16061.0529	16057.2536	16055.7826	16061.0529	0.404548345	0.699679667	0	0	0	0	3
115	23	0	2.875	16056.6949	16057.2797	16055.7826	16061.0529	0.430701364	0.699679667	0	0	0	0	3
116	23	0	2.9	16058.2618	16057.3541	16055.7826	16061.0529	0.505059095	0.699679667	0	0	0	0	3
117	23	0	2.925	16057.5559	16057.4222	16055.7826	16061.0529	0.573147496	0.699679667	0	0	0	0	3
118	23	0	2.95	16058.6383	16057.5189	16055.7826	16061.0529	0.66993801	0.699679667	0	0	0	0	3
119	23	0	2.975	16057.9241	16057.575	16055.7826	16061.0529	0.72599037	0.699679667	0	0	0	0	3
120	23	0	3	16059.0986	16057.6734	16055.7826	16061.0529	0.824357279	0.699679667	0	0	0	0	3
121	24	0	3.025	16058.6749	16057.8076	16055.7826	16061.0529	0.958556979	0.699679667	0	0	0	0	3
122	24	0	3.05	16063.5482	16058.0716	16055.7826	16063.5482	1.22257628	0.699679667	0	0	0	0	3
123	24	0	3.075	16056.9268	16058.1261	16055.8722	16063.5482	1.12801252	0.699679667	0	0	0	0	3
124	24	0	3.1	16059.7781	16058.1672	16055.8722	16063.5482	1.16909974	0.699679667	0	0	0	0	3
125	24	0	3.125	16060.7083	16058.3175	16055.8722	16063.5482	1.2785744	0.699679667	0	0	0	0	3
126	24	0	3.15	16057.6705	16058.3238	16055.8722	16063.5482	1.28485996	0.699679667	0	0	0	0	3
127	24	0	3.175	16058.8924	16058.3428	16055.8722	16063.5482	1.30389587	0.699679667	0	0	0	0	3
128	25	0	3.2	16059.9099	16058.5351	16055.9988	16063.5482	1.49077188	0.699679667	0	0	0	0	3
129	25	0	3.225	16059.5002	16058.6566	16055.9988	16063.5482	1.61230979	0.699679667	0	0	0	0	3
130	25	0	3.25	16058.8234	16058.7608	16055.9988	16063.5482	1.71649472	0.699679667	0	0	0	0	3
131	25	0	3.275	16059.8054	16058.8527	16055.9988	16063.5482	1.78307642	0.699679667	0	0	0	0	3
132	25	0	3.3	16059.4409	16058.9218	16055.9988	16063.5482	1.83560509	0.699679667	0	0	0	0	3
133	25	0	3.325	16060.1126	16059.0008	16055.9988	16063.5482	1.91461524	0.699679667	0	0	0	0	3
134	25	0	3.35	16061.2658	16059.2516	16056.6949	16063.5482	1.99804896	0.699679667	0	0	0	0	3
135	26	0	3.375	16060.3781	16059.2195	16056.6949	16063.5482	1.97189594	0.699679667	0	0	0	0	3
136	26	0	3.4	16059.6799	16059.3616	16056.9268	16063.5482	2.00754918	0.699679667	0	0	0	0	3
137	26	0	3.425	16062.8115	16059.5783	16056.9268	16063.5482	2.15611462	0.699679667	0	0	0	0	3
138	26	0	3.45	16062.6213	16059.8195	16056.9268	16063.5482	2.30053325	0.699679667	0	0	0	0	3
139	26	0	3.475	16060.8834	16059.9264	16056.9268	16063.5482	2.3513907	0.699679667	0	0	0	0	3
140	26	0	3.5	16063.6947	16060.2012	16056.9268	16063.6947	2.5278171	0.699679667	0	0	0	0	3
141	26	0	3.525	16059.5255	16060.2215	16056.9268	16063.6947	2.41394575	0.699679667	0	0	0	0	3
142	27	0	3.55	16062.2799	16060.3932	16056.9268	16063.6947	2.32159364	0.699679667	0	0	0	0	3
143	27	0	3.575	16060.5942	16060.2525	16056.9268	16063.6947	2.26711076	0.699679667	0	0	0	0	3
144	27	0	3.6	16063.6811	16060.5742	16057.6705	16063.6947	2.40699378	0.699679667	0	0	0	0	3
145	27	0	3.625	16060.9328	16060.6291	16057.6705	16063.6947	2.31163532	0.699679667	0	0	0	0	3
146	27	0	3.65	16064.1742	16060.7942	16057.6705	16064.1742	2.47039143	0.699679667	0	0	0	0	3
147	27	0	3.675	16063.4969	16061.0716	16058.8234	16064.1742	2.72880607	0.699679667	0	0	0	0	3
148	28	0	3.7	16063.4882	16061.2905	16058.8234	16064.1742	2.75537845	0.699679667	0	0	0	0	3
149	28	0	3.725	16065.2955	16061.5469	16058.8234	16065.2955	2.89029534	0.699679667	0	0	0	0	3
150	28	0	3.75	16065.3479	16061.8254	16058.8234	16065.3479	3.06457017	0.699679667	0	0	0	0	3
151	28	0	3.775	16065.8283	16062.159	16059.4409	16065.8283	3.30628863	0.699679667	0	0	0	0	3
152	28	0	3.8	16066.3284	16062.4696	16059.4409	16066.3284	3.54778604	0.699679667	0	0	0	0	3
153	28	0	3.825	16067.1178	16062.8351	16059.5255	16067.1178	3.83434173	0.699679667	0	0	0	0	3
154	28	0	3.85	16065.8727	16063.1094	16059.5255	16067.1178	3.88995414	0.699679667	0	0	0	0	3
155	29	0	3.875	16066.3832	16063.3531	16059.5255	16067.1178	4.13364402	0.699679667	0	0	0	0	3
156	29	0	3.9	16068.1446	16063.723	16059.5255	16068.1446	4.36133699	0.699679667	0	0	0	0	3
157	29	0	3.925	16067.0797	16064.0753	16059.5255	16068.1446	4.49705151	0.699679667	0	0	0	0	3
158	29	0	3.95	16066.2445	16064.2388	16059.5255	16068.1446	4.4193188	0.699679667	0	0	0	0	3
159	29	0	3.975	16067.3743	16064.4651	16059.5255	16068.1446	4.53874219	0.699679667	0	0	0	0	3
160	29	0	4	16068.678	16064.8363	16059.5255	16068.678	4.63512094	0.699679667	0	0	0	0	3
