Iteration	CPUTime	PhysTime	Travels	Value	AvValue	MinValue	MaxValue	Delta	Criteria	PrevAvRefValue	Progress	CriteriaType	CriteriaVarType	CriteriaPercentage
1	2	0	0.025	1.07609423e-08	1.07609423e-08	1.07609423e-08	1.07609423e-08	0	0	0	0	0	0	3
2	2	0	0.05	-1.0885238e-09	4.83620926e-09	-1.0885238e-09	1.07609423e-08	5.92473306e-09	0	0	0	0	0	3
3	2	0	0.075	-7.84033922e-10	2.96279487e-09	-1.0885238e-09	1.07609423e-08	7.79814746e-09	0	0	0	0	0	3
4	2	0	0.1	8.2473098e-10	2.4282789e-09	-1.0885238e-09	1.07609423e-08	8.33266343e-09	0	0	0	0	0	3
5	3	0	0.125	8.50863687e-10	2.11279585e-09	-1.0885238e-09	1.07609423e-08	8.64814647e-09	0	0	0	0	0	3
6	3	0	0.15	6.95175432e-11	1.77224947e-09	-1.0885238e-09	1.07609423e-08	8.98869285e-09	0	0	0	0	0	3
7	3	0	0.175	1.3730536e-10	1.53868602e-09	-1.0885238e-09	1.07609423e-08	9.2222563e-09	0	0	0	0	0	3
8	3	0	0.2	1.92799375e-11	1.34876026e-09	-1.0885238e-09	1.07609423e-08	9.41218206e-09	0	0	0	0	0	3
9	4	0	0.225	1.16231752e-10	1.21181265e-09	-1.0885238e-09	1.07609423e-08	9.54912967e-09	0	0	0	0	0	3
10	4	0	0.25	3.64400325e-10	1.12707142e-09	-1.0885238e-09	1.07609423e-08	9.6338709e-09	0	0	0	0	0	3
11	4	0	0.275	1.45844457e-10	1.03786897e-09	-1.0885238e-09	1.07609423e-08	9.72307336e-09	0	0	0	0	0	3
12	4	0	0.3	1.1058089e-10	9.60594961e-10	-1.0885238e-09	1.07609423e-08	9.80034736e-09	0	0	0	0	0	3
13	5	0	0.325	1.16924101e-09	9.76644657e-10	-1.0885238e-09	1.07609423e-08	9.80034736e-09	0	0	0	0	0	3
14	5	0	0.35	-1.13087211e-10	8.98806666e-10	-1.0885238e-09	1.07609423e-08	9.86213566e-09	0	0	0	0	0	3
15	5	0	0.375	6.03787789e-10	8.79138741e-10	-1.0885238e-09	1.07609423e-08	9.88180358e-09	0	0	0	0	0	3
16	5	0	0.4	7.2906381e-11	8.28749219e-10	-1.0885238e-09	1.07609423e-08	9.9321931e-09	0	0	0	0	0	3
17	5	0	0.425	1.32810223e-10	7.87811631e-10	-1.0885238e-09	1.07609423e-08	9.97313069e-09	0	0	0	0	0	3
18	6	0	0.45	4.86829863e-10	7.71090422e-10	-1.0885238e-09	1.07609423e-08	9.9898519e-09	0	0	0	0	0	3
19	6	0	0.475	1.39428382e-09	8.03890074e-10	-1.0885238e-09	1.07609423e-08	9.9898519e-09	0	0	0	0	0	3
20	6	0	0.5	7.1852103e-10	7.99621622e-10	-1.0885238e-09	1.07609423e-08	9.9898519e-09	0	0	0	0	0	3
21	7	0	0.525	8.19667388e-10	3.02557875e-10	-1.0885238e-09	1.39428382e-09	2.48280762e-09	0	0	0	0	0	3
22	7	0	0.55	4.32222468e-10	3.78595188e-10	-7.84033922e-10	1.39428382e-09	2.17831774e-09	0	0	0	0	0	3
23	7	0	0.575	4.99498601e-10	4.42771814e-10	-1.13087211e-10	1.39428382e-09	1.50737103e-09	0	0	0	0	0	3
24	7	0	0.6	2.9383152e-10	4.16226841e-10	-1.13087211e-10	1.39428382e-09	1.50737103e-09	0	0	0	0	0	3
25	8	0	0.625	4.2549553e-10	3.94958434e-10	-1.13087211e-10	1.39428382e-09	1.46969159e-09	0	0	0	0	0	3
26	8	0	0.65	2.25160403e-10	4.02740577e-10	-1.13087211e-10	1.39428382e-09	1.23612815e-09	0	0	0	0	0	3
27	8	0	0.675	7.11459113e-10	4.31448264e-10	-1.13087211e-10	1.39428382e-09	1.04620239e-09	0	0	0	0	0	3
28	8	0	0.7	3.0794147e-10	4.45881341e-10	-1.13087211e-10	1.39428382e-09	9.09254776e-10	0	0	0	0	0	3
29	8	0	0.725	4.64752425e-11	4.42393515e-10	-1.13087211e-10	1.39428382e-09	8.24513544e-10	0	0	0	0	0	3
30	9	0	0.75	6.36019427e-10	4.5597447e-10	-1.13087211e-10	1.39428382e-09	7.35311093e-10	0	0	0	0	0	3
31	9	0	0.775	6.12140531e-10	4.79289274e-10	-1.13087211e-10	1.39428382e-09	6.74086782e-10	0	0	0	0	0	3
32	9	0	0.8	1.7935085e-12	4.73849905e-10	-1.13087211e-10	1.39428382e-09	6.74086782e-10	0	0	0	0	0	3
33	9	0	0.825	4.54750495e-11	4.17661607e-10	-1.13087211e-10	1.39428382e-09	5.96248792e-10	0	0	0	0	0	3
34	10	0	0.85	4.14801206e-10	4.44056028e-10	1.7935085e-12	1.39428382e-09	5.76580866e-10	0	0	0	0	0	3
35	10	0	0.875	8.65942379e-10	4.57163757e-10	1.7935085e-12	1.39428382e-09	5.26191344e-10	0	0	0	0	0	3
36	10	0	0.9	-8.09496198e-11	4.49470957e-10	-8.09496198e-11	1.39428382e-09	5.01332199e-10	0	0	0	0	0	3
37	10	0	0.925	-1.13196514e-11	4.42264464e-10	-8.09496198e-11	1.39428382e-09	5.01332199e-10	0	0	0	0	0	3
38	11	0	0.95	-8.06410887e-10	3.77602426e-10	-8.06410887e-10	1.39428382e-09	5.01332199e-10	0	0	0	0	0	3
39	11	0	0.975	8.08518591e-10	3.48314165e-10	-8.06410887e-10	8.65942379e-10	4.97063747e-10	0	0	0	0	0	3
40	11	0	1	-1.93020996e-10	3.02737064e-10	-8.06410887e-10	8.65942379e-10	1.76731399e-10	0.00113664805	0	0	0	0	3
41	11	0	1.025	-8.37834572e-11	2.57564521e-10	-8.06410887e-10	8.65942379e-10	2.21724753e-10	0.00113664805	0	0	0	0	3
42	11	0	1.05	4.72919445e-10	2.5959937e-10	-8.06410887e-10	8.65942379e-10	2.21724753e-10	0.00113664805	0	0	0	0	3
43	12	0	1.075	8.27776641e-10	2.76013272e-10	-8.06410887e-10	8.65942379e-10	2.21724753e-10	0.00113664805	0	0	0	0	3
44	12	0	1.1	1.37152332e-09	3.28180417e-10	-8.06410887e-10	1.37152332e-09	2.21724753e-10	0.00113664805	0	0	0	0	3
45	12	0	1.125	-3.93964102e-10	2.95428245e-10	-8.06410887e-10	1.37152332e-09	2.21724753e-10	0.00113664805	0	0	0	0	3
46	12	0	1.15	5.95007764e-10	3.03500256e-10	-8.06410887e-10	1.37152332e-09	2.21724753e-10	0.00113664805	0	0	0	0	3
47	12	0	1.175	-3.97955281e-10	2.7382808e-10	-8.06410887e-10	1.37152332e-09	2.21724753e-10	0.00113664805	0	0	0	0	3
48	13	0	1.2	-1.40323087e-09	1.73128557e-10	-1.40323087e-09	1.37152332e-09	3.06160717e-10	0.00113664805	0	0	0	0	3
49	13	0	1.225	3.21698836e-10	1.7378367e-10	-1.40323087e-09	1.37152332e-09	3.06160717e-10	0.00113664805	0	0	0	0	3
50	13	0	1.25	7.99991943e-10	2.09665418e-10	-1.40323087e-09	1.37152332e-09	3.06160717e-10	0.00113664805	0	0	0	0	3
51	13	0	1.275	8.6327715e-10	2.20487214e-10	-1.40323087e-09	1.37152332e-09	3.06160717e-10	0.00113664805	0	0	0	0	3
52	13	0	1.3	-4.92725088e-10	1.67874566e-10	-1.40323087e-09	1.37152332e-09	3.05975339e-10	0.00113664805	0	0	0	0	3
53	13	0	1.325	7.48028853e-10	2.03409582e-10	-1.40323087e-09	1.37152332e-09	2.89289192e-10	0.00113664805	0	0	0	0	3
54	14	0	1.35	3.70665834e-10	2.18894857e-10	-1.40323087e-09	1.37152332e-09	2.89289192e-10	0.00113664805	0	0	0	0	3
55	14	0	1.375	4.45080221e-10	2.20336715e-10	-1.40323087e-09	1.37152332e-09	2.89289192e-10	0.00113664805	0	0	0	0	3
56	14	0	1.4	8.19815815e-10	2.18140212e-10	-1.40323087e-09	1.37152332e-09	2.81596392e-10	0.00113664805	0	0	0	0	3
57	14	0	1.425	-2.50804389e-10	2.1005189e-10	-1.40323087e-09	1.37152332e-09	2.74389898e-10	0.00113664805	0	0	0	0	3
58	14	0	1.45	1.13535506e-10	2.15997374e-10	-1.40323087e-09	1.37152332e-09	2.09727861e-10	0.00113664805	0	0	0	0	3
59	14	0	1.475	7.40931686e-10	2.89680353e-10	-1.40323087e-09	1.37152332e-09	1.80439599e-10	0.00113664805	0	0	0	0	3
60	15	0	1.5	-2.50485644e-10	2.3925158e-10	-1.40323087e-09	1.37152332e-09	1.60305852e-10	0.00113664805	0	0	0	0	3
61	15	0	1.525	-2.7266482e-11	2.47144652e-10	-1.40323087e-09	1.37152332e-09	1.60305852e-10	0.00113664805	0	0	0	0	3
62	15	0	1.55	3.02733601e-10	2.65550227e-10	-1.40323087e-09	1.37152332e-09	1.60305852e-10	0.00113664805	0	0	0	0	3
63	15	0	1.575	7.42375188e-10	2.78381452e-10	-1.40323087e-09	1.37152332e-09	1.60305852e-10	0.00113664805	0	0	0	0	3
64	15	0	1.6	-9.2331971e-10	1.94995912e-10	-1.40323087e-09	1.37152332e-09	1.60305852e-10	0.00113664805	0	0	0	0	3
65	15	0	1.625	2.66385458e-10	1.42370299e-10	-1.40323087e-09	8.6327715e-10	1.61129956e-10	0.00113664805	0	0	0	0	3
66	15	0	1.65	5.01633463e-10	1.85017803e-10	-1.40323087e-09	8.6327715e-10	1.61129956e-10	0.00113664805	0	0	0	0	3
67	16	0	1.675	3.44654188e-11	1.5832531e-10	-1.40323087e-09	8.6327715e-10	1.47310054e-10	0.00113664805	0	0	0	0	3
68	16	0	1.7	-5.95234072e-10	1.48931082e-10	-1.40323087e-09	8.6327715e-10	1.47310054e-10	0.00113664805	0	0	0	0	3
69	16	0	1.725	8.70379802e-10	2.57198257e-10	-9.2331971e-10	8.70379802e-10	1.47310054e-10	0.00113664805	0	0	0	0	3
70	16	0	1.75	-5.90005632e-10	2.13783758e-10	-9.2331971e-10	8.70379802e-10	1.47310054e-10	0.00113664805	0	0	0	0	3
71	16	0	1.775	1.49420313e-09	2.46841434e-10	-9.2331971e-10	1.49420313e-09	1.47310054e-10	0.00113664805	0	0	0	0	3
72	16	0	1.8	-1.23562115e-09	1.46893896e-10	-1.23562115e-09	1.49420313e-09	1.47310054e-10	0.00113664805	0	0	0	0	3
73	17	0	1.825	1.3504234e-09	2.34662872e-10	-1.23562115e-09	1.49420313e-09	1.47310054e-10	0.00113664805	0	0	0	0	3
74	17	0	1.85	-5.79788052e-10	1.71433495e-10	-1.23562115e-09	1.49420313e-09	1.47310054e-10	0.00113664805	0	0	0	0	3
75	17	0	1.875	8.2181609e-10	1.92916841e-10	-1.23562115e-09	1.49420313e-09	1.47310054e-10	0.00113664805	0	0	0	0	3
76	17	0	1.9	-5.05875528e-11	1.69313613e-10	-1.23562115e-09	1.49420313e-09	1.47310054e-10	0.00113664805	0	0	0	0	3
77	17	0	1.925	2.7662442e-10	1.43447356e-10	-1.23562115e-09	1.49420313e-09	1.47310054e-10	0.00113664805	0	0	0	0	3
78	17	0	1.95	-3.76640942e-10	1.3745514e-10	-1.23562115e-09	1.49420313e-09	1.52225214e-10	0.00113664805	0	0	0	0	3
79	18	0	1.975	3.30509796e-12	1.32206073e-10	-1.23562115e-09	1.49420313e-09	1.57474281e-10	0.00113664805	0	0	0	0	3
80	18	0	2	-1.70951636e-10	8.87830572e-11	-1.23562115e-09	1.49420313e-09	1.89598395e-10	0.00113664805	0	0	0	0	3
81	18	0	2.025	2.55728271e-10	1.12888482e-10	-1.23562115e-09	1.49420313e-09	1.89598395e-10	0.00113664805	0	0	0	0	3
82	18	0	2.05	7.69033714e-10	1.50807539e-10	-1.23562115e-09	1.49420313e-09	1.89598395e-10	0.00113664805	0	0	0	0	3
83	18	0	2.075	-7.92054697e-10	9.86747625e-11	-1.23562115e-09	1.49420313e-09	1.89598395e-10	0.00113664805	0	0	0	0	3
84	18	0	2.1	-6.28291598e-11	6.03316983e-11	-1.23562115e-09	1.49420313e-09	1.96866558e-10	0.00113664805	0	0	0	0	3
85	18	0	2.125	-3.84296294e-10	8.59994801e-11	-1.23562115e-09	1.49420313e-09	1.96866558e-10	0.00113664805	0	0	0	0	3
86	19	0	2.15	1.3957833e-10	7.99610454e-11	-1.23562115e-09	1.49420313e-09	1.96866558e-10	0.00113664805	0	0	0	0	3
87	19	0	2.175	-2.98937727e-10	4.18386078e-11	-1.23562115e-09	1.49420313e-09	2.15359649e-10	0.00113664805	0	0	0	0	3
88	19	0	2.2	4.22637351e-10	6.03229856e-11	-1.23562115e-09	1.49420313e-09	2.15359649e-10	0.00113664805	0	0	0	0	3
89	19	0	2.225	-4.58321125e-10	6.68426497e-11	-1.23562115e-09	1.49420313e-09	2.15359649e-10	0.00113664805	0	0	0	0	3
90	19	0	2.25	1.83639783e-10	3.4140744e-11	-1.23562115e-09	1.49420313e-09	2.1270069e-10	0.00113664805	0	0	0	0	3
91	19	0	2.275	-2.15005771e-10	5.19978802e-11	-1.23562115e-09	1.49420313e-09	2.1270069e-10	0.00113664805	0	0	0	0	3
92	19	0	2.3	5.07770828e-10	5.02491322e-12	-1.23562115e-09	1.3504234e-09	2.29637958e-10	0.00113664805	0	0	0	0	3
93	20	0	2.325	3.10756027e-10	7.86619218e-11	-7.92054697e-10	1.3504234e-09	2.29637958e-10	0.00113664805	0	0	0	0	3
94	20	0	2.35	4.54552494e-11	1.65205811e-11	-7.92054697e-10	8.2181609e-10	1.87891927e-10	0.00113664805	0	0	0	0	3
95	20	0	2.375	-1.77147983e-09	-4.02266464e-11	-1.77147983e-09	8.2181609e-10	2.33143487e-10	0.00113664805	0	0	0	0	3
96	20	0	2.4	5.35565919e-11	-7.6810432e-11	-1.77147983e-09	7.69033714e-10	2.46124045e-10	0.00113664805	0	0	0	0	3
97	20	0	2.425	-1.31828705e-10	-8.06790583e-11	-1.77147983e-09	7.69033714e-10	2.31486597e-10	0.00113664805	0	0	0	0	3
98	20	0	2.45	2.2468936e-10	-8.31521564e-11	-1.77147983e-09	7.69033714e-10	2.33959695e-10	0.00113664805	0	0	0	0	3
99	21	0	2.475	-2.25101827e-10	-7.59360081e-11	-1.77147983e-09	7.69033714e-10	2.33959695e-10	0.00113664805	0	0	0	0	3
100	21	0	2.5	-4.65159117e-10	-9.82438279e-11	-1.77147983e-09	7.69033714e-10	2.49051367e-10	0.00113664805	0	0	0	0	3
101	21	0	2.525	-2.26141839e-10	-1.00871933e-10	-1.77147983e-09	7.69033714e-10	2.51679471e-10	0.00113664805	0	0	0	0	3
102	21	0	2.55	4.17384979e-10	-9.31739943e-11	-1.77147983e-09	7.69033714e-10	2.51679471e-10	0.00113664805	0	0	0	0	3
103	21	0	2.575	-2.63619398e-10	-1.42347952e-10	-1.77147983e-09	5.07770828e-10	2.41022715e-10	0.00113664805	0	0	0	0	3
104	21	0	2.6	2.0702858e-10	-9.47725578e-11	-1.77147983e-09	5.07770828e-10	2.28347432e-10	0.00113664805	0	0	0	0	3
105	22	0	2.625	-1.07979225e-09	-1.43199371e-10	-1.77147983e-09	5.07770828e-10	2.29198852e-10	0.00113664805	0	0	0	0	3
106	22	0	2.65	-2.2245228e-10	-1.35492514e-10	-1.77147983e-09	5.07770828e-10	2.23160417e-10	0.00113664805	0	0	0	0	3
107	22	0	2.675	2.78850077e-10	-1.28860526e-10	-1.77147983e-09	5.07770828e-10	2.21861293e-10	0.00113664805	0	0	0	0	3
108	22	0	2.7	-2.66179916e-10	-1.2730063e-10	-1.77147983e-09	5.07770828e-10	2.21861293e-10	0.00113664805	0	0	0	0	3
109	22	0	2.725	-2.58069626e-10	-1.59715248e-10	-1.77147983e-09	5.07770828e-10	2.3837717e-10	0.00113664805	0	0	0	0	3
110	22	0	2.75	-1.69982866e-10	-1.45984855e-10	-1.77147983e-09	5.07770828e-10	2.3837717e-10	0.00113664805	0	0	0	0	3
111	22	0	2.775	-4.69845813e-10	-1.77103216e-10	-1.77147983e-09	5.07770828e-10	2.55765138e-10	0.00113664805	0	0	0	0	3
112	23	0	2.8	-6.92164845e-11	-1.70160869e-10	-1.77147983e-09	5.07770828e-10	2.55765138e-10	0.00113664805	0	0	0	0	3
113	23	0	2.825	-8.45563332e-12	-1.94743082e-10	-1.77147983e-09	4.17384979e-10	2.73405003e-10	0.00113664805	0	0	0	0	3
114	23	0	2.85	-9.5556237e-10	-2.55043958e-10	-1.77147983e-09	4.17384979e-10	2.71564539e-10	0.00113664805	0	0	0	0	3
115	23	0	2.875	-7.76299211e-11	-2.60905156e-10	-1.77147983e-09	4.17384979e-10	2.2067851e-10	0.00113664805	0	0	0	0	3
116	23	0	2.9	-5.00020079e-10	-2.00359454e-10	-1.07979225e-09	4.17384979e-10	1.84969148e-10	0.00113664805	0	0	0	0	3
117	23	0	2.925	-5.48153184e-10	-2.290123e-10	-1.07979225e-09	4.17384979e-10	1.84969148e-10	0.00113664805	0	0	0	0	3
118	24	0	2.95	8.42450112e-10	-1.82618071e-10	-1.07979225e-09	8.42450112e-10	1.84969148e-10	0.00113664805	0	0	0	0	3
119	24	0	2.975	-7.98233866e-10	-2.31328701e-10	-1.07979225e-09	8.42450112e-10	1.84969148e-10	0.00113664805	0	0	0	0	3
120	24	0	3	-7.68124884e-10	-2.57186942e-10	-1.07979225e-09	8.42450112e-10	1.67731162e-10	0.00113664805	0	0	0	0	3
121	24	0	3.025	2.30247507e-10	-2.24072341e-10	-1.07979225e-09	8.42450112e-10	1.67731162e-10	0.00113664805	0	0	0	0	3
122	24	0	3.05	-6.33257368e-10	-2.43458794e-10	-1.07979225e-09	8.42450112e-10	1.67731162e-10	0.00113664805	0	0	0	0	3
123	24	0	3.075	5.68579509e-10	-2.36259055e-10	-1.07979225e-09	8.42450112e-10	1.66132599e-10	0.00113664805	0	0	0	0	3
124	25	0	3.1	-6.50102788e-13	-2.23736707e-10	-1.07979225e-09	8.42450112e-10	1.66132599e-10	0.00113664805	0	0	0	0	3
125	25	0	3.125	-1.11902138e-09	-2.86881943e-10	-1.11902138e-09	8.42450112e-10	1.59581313e-10	0.00113664805	0	0	0	0	3
126	25	0	3.15	-6.66803847e-11	-2.38638521e-10	-1.11902138e-09	8.42450112e-10	1.59581313e-10	0.00113664805	0	0	0	0	3
127	25	0	3.175	-1.05634352e-09	-2.78347628e-10	-1.11902138e-09	8.42450112e-10	1.59581313e-10	0.00113664805	0	0	0	0	3
128	25	0	3.2	1.15790405e-09	-2.36487916e-10	-1.11902138e-09	1.15790405e-09	1.59581313e-10	0.00113664805	0	0	0	0	3
129	25	0	3.225	-1.32240611e-09	-2.86784401e-10	-1.32240611e-09	1.15790405e-09	1.40897089e-10	0.00113664805	0	0	0	0	3
130	25	0	3.25	-4.07857697e-10	-2.93917166e-10	-1.32240611e-09	1.15790405e-09	1.47932311e-10	0.00113664805	0	0	0	0	3
131	26	0	3.275	-1.29350101e-10	-2.91982272e-10	-1.32240611e-09	1.15790405e-09	1.23756297e-10	0.00113664805	0	0	0	0	3
132	26	0	3.3	9.81234023e-10	-2.22883233e-10	-1.32240611e-09	1.15790405e-09	1.23756297e-10	0.00113664805	0	0	0	0	3
133	26	0	3.325	-1.20324237e-09	-2.76884465e-10	-1.32240611e-09	1.15790405e-09	1.11299095e-10	0.00113664805	0	0	0	0	3
134	26	0	3.35	1.06878446e-09	-2.25587318e-10	-1.32240611e-09	1.15790405e-09	1.11299095e-10	0.00113664805	0	0	0	0	3
135	26	0	3.375	-8.78951004e-10	-2.21939158e-10	-1.32240611e-09	1.15790405e-09	1.11299095e-10	0.00113664805	0	0	0	0	3
136	26	0	3.4	2.05263562e-10	-2.08468039e-10	-1.32240611e-09	1.15790405e-09	1.11299095e-10	0.00113664805	0	0	0	0	3
137	26	0	3.425	-1.00678626e-09	-2.32599762e-10	-1.32240611e-09	1.15790405e-09	1.11299095e-10	0.00113664805	0	0	0	0	3
138	26	0	3.45	1.21406167e-09	-1.4868477e-10	-1.32240611e-09	1.21406167e-09	1.45232396e-10	0.00113664805	0	0	0	0	3
139	27	0	3.475	-2.05510008e-09	-2.8666335e-10	-2.05510008e-09	1.21406167e-09	1.45232396e-10	0.00113664805	0	0	0	0	3
140	27	0	3.5	7.77126064e-10	-2.11646211e-10	-2.05510008e-09	1.21406167e-09	1.45232396e-10	0.00113664805	0	0	0	0	3
141	27	0	3.525	-3.5366527e-11	-1.76752956e-10	-2.05510008e-09	1.21406167e-09	1.45232396e-10	0.00113664805	0	0	0	0	3
142	27	0	3.55	-2.00776923e-09	-2.83325182e-10	-2.05510008e-09	1.21406167e-09	1.45232396e-10	0.00113664805	0	0	0	0	3
143	27	0	3.575	-8.33898415e-11	-2.57141014e-10	-2.05510008e-09	1.21406167e-09	1.45232396e-10	0.00113664805	0	0	0	0	3
144	27	0	3.6	5.02353054e-10	-2.60294654e-10	-2.05510008e-09	1.21406167e-09	1.45232396e-10	0.00113664805	0	0	0	0	3
145	28	0	3.625	-2.94194532e-09	-4.00356332e-10	-2.94194532e-09	1.21406167e-09	2.51671562e-10	0.00113664805	0	0	0	0	3
146	28	0	3.65	6.07880404e-10	-3.18122913e-10	-2.94194532e-09	1.21406167e-09	2.51671562e-10	0.00113664805	0	0	0	0	3
147	28	0	3.675	-6.08082409e-10	-3.43903962e-10	-2.94194532e-09	1.21406167e-09	2.51671562e-10	0.00113664805	0	0	0	0	3
148	28	0	3.7	-4.09456546e-10	-3.1309982e-10	-2.94194532e-09	1.21406167e-09	2.51671562e-10	0.00113664805	0	0	0	0	3
149	28	0	3.725	1.95364429e-12	-3.68145078e-10	-2.94194532e-09	1.21406167e-09	2.51671562e-10	0.00113664805	0	0	0	0	3
150	28	0	3.75	-3.59709177e-10	-3.22302367e-10	-2.94194532e-09	1.21406167e-09	2.51671562e-10	0.00113664805	0	0	0	0	3
151	29	0	3.775	1.82923108e-11	-3.02009509e-10	-2.94194532e-09	1.21406167e-09	2.51671562e-10	0.00113664805	0	0	0	0	3
152	29	0	3.8	-7.34592239e-10	-3.30830563e-10	-2.94194532e-09	1.21406167e-09	2.51671562e-10	0.00113664805	0	0	0	0	3
153	29	0	3.825	4.77510464e-10	-3.54817399e-10	-2.94194532e-09	1.21406167e-09	2.51671562e-10	0.00113664805	0	0	0	0	3
154	29	0	3.85	-5.4450565e-10	-3.23448984e-10	-2.94194532e-09	1.21406167e-09	2.51671562e-10	0.00113664805	0	0	0	0	3
155	29	0	3.875	-2.62224767e-10	-3.86830376e-10	-2.94194532e-09	1.21406167e-09	2.51671562e-10	0.00113664805	0	0	0	0	3
156	29	0	3.9	-4.29167963e-10	-3.65412136e-10	-2.94194532e-09	1.21406167e-09	2.51671562e-10	0.00113664805	0	0	0	0	3
157	29	0	3.925	2.52942485e-10	-3.63141711e-10	-2.94194532e-09	1.21406167e-09	2.51671562e-10	0.00113664805	0	0	0	0	3
158	29	0	3.95	-1.04829424e-09	-3.65118282e-10	-2.94194532e-09	1.21406167e-09	2.51671562e-10	0.00113664805	0	0	0	0	3
159	30	0	3.975	4.62728236e-10	-4.00896064e-10	-2.94194532e-09	7.77126064e-10	2.24143108e-10	0.00113664805	0	0	0	0	3
160	30	0	4	-6.72492372e-10	-3.35057602e-10	-2.94194532e-09	7.77126064e-10	2.24143108e-10	0.00113664805	0	0	0	0	3
