Iteration	CPUTime	PhysTime	Travels	Value	AvValue	MinValue	MaxValue	Delta	Criteria	PrevAvRefValue	Progress	CriteriaType	CriteriaVarType	CriteriaPercentage
1	2	0	0.025	2.92337525e-08	2.92337525e-08	2.92337525e-08	2.92337525e-08	0	0	0	0	0	0	3
2	2	0	0.05	-3.16956038e-09	1.3032096e-08	-3.16956038e-09	2.92337525e-08	1.62016564e-08	0	0	0	0	0	3
3	2	0	0.075	-3.01131064e-09	7.68429382e-09	-3.16956038e-09	2.92337525e-08	2.15494587e-08	0	0	0	0	0	3
4	2	0	0.1	5.02201866e-09	7.01872503e-09	-3.16956038e-09	2.92337525e-08	2.22150275e-08	0	0	0	0	0	3
5	3	0	0.125	3.85491838e-09	6.3859637e-09	-3.16956038e-09	2.92337525e-08	2.28477888e-08	0	0	0	0	0	3
6	3	0	0.15	2.11150633e-10	5.35682819e-09	-3.16956038e-09	2.92337525e-08	2.38769243e-08	0	0	0	0	0	3
7	3	0	0.175	6.09630326e-10	4.67865706e-09	-3.16956038e-09	2.92337525e-08	2.45550954e-08	0	0	0	0	0	3
8	3	0	0.2	-4.40826048e-11	4.08831461e-09	-3.16956038e-09	2.92337525e-08	2.51454379e-08	0	0	0	0	0	3
9	4	0	0.225	-4.11271745e-10	3.58836057e-09	-3.16956038e-09	2.92337525e-08	2.56453919e-08	0	0	0	0	0	3
10	4	0	0.25	3.20111154e-10	3.26153563e-09	-3.16956038e-09	2.92337525e-08	2.59722169e-08	0	0	0	0	0	3
11	4	0	0.275	1.26876462e-10	2.97656661e-09	-3.16956038e-09	2.92337525e-08	2.62571859e-08	0	0	0	0	0	3
12	4	0	0.3	-4.92782057e-10	2.68745422e-09	-3.16956038e-09	2.92337525e-08	2.65462983e-08	0	0	0	0	0	3
13	4	0	0.325	9.83211312e-10	2.55635861e-09	-3.16956038e-09	2.92337525e-08	2.66773939e-08	0	0	0	0	0	3
14	5	0	0.35	1.72072378e-10	2.38605245e-09	-3.16956038e-09	2.92337525e-08	2.68477e-08	0	0	0	0	0	3
15	5	0	0.375	3.33850538e-10	2.24923899e-09	-3.16956038e-09	2.92337525e-08	2.69845135e-08	0	0	0	0	0	3
16	5	0	0.4	3.14311404e-10	2.12830602e-09	-3.16956038e-09	2.92337525e-08	2.71054465e-08	0	0	0	0	0	3
17	5	0	0.425	9.83226439e-10	2.0609484e-09	-3.16956038e-09	2.92337525e-08	2.71728041e-08	0	0	0	0	0	3
18	6	0	0.45	6.15918838e-10	1.98066898e-09	-3.16956038e-09	2.92337525e-08	2.72530835e-08	0	0	0	0	0	3
19	6	0	0.475	5.33568655e-10	1.9045058e-09	-3.16956038e-09	2.92337525e-08	2.73292467e-08	0	0	0	0	0	3
20	6	0	0.5	8.83359588e-10	1.85344849e-09	-3.16956038e-09	2.92337525e-08	2.7380304e-08	0	0	0	0	0	3
21	6	0	0.525	5.16046713e-10	4.17563202e-10	-3.16956038e-09	5.02201866e-09	8.19157904e-09	0	0	0	0	0	3
22	7	0	0.55	-4.69521164e-10	5.52565163e-10	-3.01131064e-09	5.02201866e-09	7.26673062e-09	0	0	0	0	0	3
23	7	0	0.575	8.40433494e-10	7.4515237e-10	-4.92782057e-10	5.02201866e-09	5.51480071e-09	0	0	0	0	0	3
24	7	0	0.6	7.51538423e-10	5.31628358e-10	-4.92782057e-10	3.85491838e-09	4.34770044e-09	0	0	0	0	0	3
25	7	0	0.625	5.76602551e-10	3.67712567e-10	-4.92782057e-10	9.83226439e-10	1.4760085e-09	0	0	0	0	0	3
26	7	0	0.65	3.27110886e-09	5.20710478e-10	-4.92782057e-10	3.27110886e-09	3.76389092e-09	0	0	0	0	0	3
27	8	0	0.675	2.0789997e-09	5.94178947e-10	-4.92782057e-10	3.27110886e-09	3.72060204e-09	0	0	0	0	0	3
28	8	0	0.7	8.69381228e-10	6.39852139e-10	-4.92782057e-10	3.27110886e-09	3.220648e-09	0	0	0	0	0	3
29	8	0	0.725	1.06316463e-09	7.13573958e-10	-4.92782057e-10	3.27110886e-09	2.89382306e-09	0	0	0	0	0	3
30	8	0	0.75	9.79493092e-10	7.46543055e-10	-4.92782057e-10	3.27110886e-09	2.60885404e-09	0	0	0	0	0	3
31	9	0	0.775	1.20115278e-09	8.00256871e-10	-4.92782057e-10	3.27110886e-09	2.31974166e-09	0	0	0	0	0	3
32	9	0	0.8	3.62916774e-10	8.43041812e-10	-4.69521164e-10	3.27110886e-09	2.18864605e-09	0	0	0	0	0	3
33	9	0	0.825	4.48242298e-10	8.16293362e-10	-4.69521164e-10	3.27110886e-09	2.01833989e-09	0	0	0	0	0	3
34	9	0	0.85	2.81105008e-10	8.21744993e-10	-4.69521164e-10	3.27110886e-09	1.88152643e-09	0	0	0	0	0	3
35	10	0	0.875	4.68442778e-10	8.28474605e-10	-4.69521164e-10	3.27110886e-09	1.76059345e-09	0	0	0	0	0	3
36	10	0	0.9	1.91118434e-10	8.22314957e-10	-4.69521164e-10	3.27110886e-09	1.69323583e-09	0	0	0	0	0	3
37	10	0	0.925	4.00185226e-10	7.93162896e-10	-4.69521164e-10	3.27110886e-09	1.61295641e-09	0	0	0	0	0	3
38	10	0	0.95	9.27014431e-10	8.08717676e-10	-4.69521164e-10	3.27110886e-09	1.53679323e-09	0	0	0	0	0	3
39	10	0	0.975	4.37319716e-10	8.03905229e-10	-4.69521164e-10	3.27110886e-09	1.48573592e-09	0	0	0	0	0	3
40	11	0	1	2.85349585e-10	7.74004729e-10	-4.69521164e-10	3.27110886e-09	4.75329245e-10	0.00378882682	0	0	0	0	3
41	11	0	1.025	6.38950886e-10	7.80149937e-10	-4.69521164e-10	3.27110886e-09	4.75329245e-10	0.00378882682	0	0	0	0	3
42	11	0	1.05	7.13722353e-10	8.39312113e-10	1.91118434e-10	3.27110886e-09	4.75329245e-10	0.00378882682	0	0	0	0	3
43	11	0	1.075	2.21974391e-10	8.08389158e-10	1.91118434e-10	3.27110886e-09	4.75329245e-10	0.00378882682	0	0	0	0	3
44	12	0	1.1	4.62488555e-10	7.91917701e-10	1.91118434e-10	3.27110886e-09	4.75329245e-10	0.00378882682	0	0	0	0	3
45	12	0	1.125	6.06092448e-10	7.84991702e-10	1.91118434e-10	3.27110886e-09	4.75329245e-10	0.00378882682	0	0	0	0	3
46	12	0	1.15	6.9894033e-10	7.9081731e-10	1.91118434e-10	3.27110886e-09	3.22331334e-10	0.00378882682	0	0	0	0	3
47	12	0	1.175	6.65787781e-11	6.3822064e-10	6.65787781e-11	2.0789997e-09	2.48862865e-10	0.00378882682	0	0	0	0	3
48	12	0	1.2	5.7873232e-10	5.66779336e-10	6.65787781e-11	1.20115278e-09	2.76262477e-10	0.00378882682	0	0	0	0	3
49	12	0	1.225	7.14596223e-10	5.59408621e-10	6.65787781e-11	1.20115278e-09	2.83633191e-10	0.00378882682	0	0	0	0	3
50	12	0	1.25	6.72289024e-10	5.40795497e-10	6.65787781e-11	1.20115278e-09	3.02246315e-10	0.00378882682	0	0	0	0	3
51	13	0	1.275	8.08043487e-10	5.3263123e-10	6.65787781e-11	1.20115278e-09	3.10410582e-10	0.00378882682	0	0	0	0	3
52	13	0	1.3	7.96259219e-10	5.13350584e-10	6.65787781e-11	9.27014431e-10	3.29691228e-10	0.00378882682	0	0	0	0	3
53	13	0	1.325	6.99744173e-10	5.29389984e-10	6.65787781e-11	9.27014431e-10	3.25961529e-10	0.00378882682	0	0	0	0	3
54	13	0	1.35	1.03623758e-09	5.57389759e-10	6.65787781e-11	1.03623758e-09	3.25961529e-10	0.00378882682	0	0	0	0	3
55	13	0	1.375	1.31255001e-10	5.50254045e-10	6.65787781e-11	1.03623758e-09	3.25961529e-10	0.00378882682	0	0	0	0	3
56	14	0	1.4	5.44954617e-10	5.53897465e-10	6.65787781e-11	1.03623758e-09	3.25961529e-10	0.00378882682	0	0	0	0	3
57	14	0	1.425	6.3944327e-10	5.75246267e-10	6.65787781e-11	1.03623758e-09	3.25961529e-10	0.00378882682	0	0	0	0	3
58	14	0	1.45	4.30010937e-10	5.76666539e-10	6.65787781e-11	1.03623758e-09	3.25961529e-10	0.00378882682	0	0	0	0	3
59	14	0	1.475	1.01674464e-09	5.80939406e-10	6.65787781e-11	1.03623758e-09	3.25961529e-10	0.00378882682	0	0	0	0	3
60	14	0	1.5	1.18105683e-09	6.16355459e-10	6.65787781e-11	1.18105683e-09	3.25961529e-10	0.00378882682	0	0	0	0	3
61	14	0	1.525	5.60482307e-10	6.29457017e-10	6.65787781e-11	1.18105683e-09	3.25961529e-10	0.00378882682	0	0	0	0	3
62	14	0	1.55	3.74067965e-10	6.16843545e-10	6.65787781e-11	1.18105683e-09	3.25961529e-10	0.00378882682	0	0	0	0	3
63	15	0	1.575	9.08597733e-10	6.26123325e-10	6.65787781e-11	1.18105683e-09	2.95038574e-10	0.00378882682	0	0	0	0	3
64	15	0	1.6	5.28104512e-10	6.4070095e-10	6.65787781e-11	1.18105683e-09	2.78567116e-10	0.00378882682	0	0	0	0	3
65	15	0	1.625	5.09708269e-10	6.42949508e-10	6.65787781e-11	1.18105683e-09	2.77466726e-10	0.00378882682	0	0	0	0	3
66	15	0	1.65	1.32292102e-10	6.20387586e-10	6.65787781e-11	1.18105683e-09	2.77466726e-10	0.00378882682	0	0	0	0	3
67	15	0	1.675	1.00939212e-09	6.35171005e-10	6.65787781e-11	1.18105683e-09	1.29598924e-10	0.00378882682	0	0	0	0	3
68	15	0	1.7	3.79753958e-10	6.50084109e-10	1.31255001e-10	1.18105683e-09	1.36733525e-10	0.00378882682	0	0	0	0	3
69	15	0	1.725	4.63391361e-10	6.44591682e-10	1.31255001e-10	1.18105683e-09	1.36733525e-10	0.00378882682	0	0	0	0	3
70	16	0	1.75	4.44973552e-10	6.31752507e-10	1.31255001e-10	1.18105683e-09	1.36733525e-10	0.00378882682	0	0	0	0	3
71	16	0	1.775	5.03116973e-10	6.23696695e-10	1.31255001e-10	1.18105683e-09	1.36733525e-10	0.00378882682	0	0	0	0	3
72	16	0	1.8	6.05115035e-10	6.14033436e-10	1.31255001e-10	1.18105683e-09	1.36733525e-10	0.00378882682	0	0	0	0	3
73	16	0	1.825	3.88617521e-10	5.94621926e-10	1.31255001e-10	1.18105683e-09	1.20694125e-10	0.00378882682	0	0	0	0	3
74	16	0	1.85	3.80924175e-10	5.79440022e-10	1.31255001e-10	1.18105683e-09	9.98300642e-11	0.00378882682	0	0	0	0	3
75	16	0	1.875	4.09425016e-10	5.49591804e-10	1.31255001e-10	1.18105683e-09	1.00492304e-10	0.00378882682	0	0	0	0	3
76	17	0	1.9	6.242546e-10	5.73067976e-10	1.32292102e-10	1.18105683e-09	1.00492304e-10	0.00378882682	0	0	0	0	3
77	17	0	1.925	1.11464221e-10	5.52425576e-10	1.11464221e-10	1.18105683e-09	1.00492304e-10	0.00378882682	0	0	0	0	3
78	17	0	1.95	2.4742538e-10	5.33758057e-10	1.11464221e-10	1.18105683e-09	1.16326051e-10	0.00378882682	0	0	0	0	3
79	17	0	1.975	3.40080888e-10	5.29475674e-10	1.11464221e-10	1.18105683e-09	1.20608435e-10	0.00378882682	0	0	0	0	3
80	17	0	2	8.34329628e-11	4.85032261e-10	8.34329628e-11	1.18105683e-09	1.65051848e-10	0.00378882682	0	0	0	0	3
81	17	0	2.025	2.89701465e-10	4.42586767e-10	8.34329628e-11	1.00939212e-09	2.07497341e-10	0.00378882682	0	0	0	0	3
82	18	0	2.05	5.13581366e-10	4.40353389e-10	8.34329628e-11	1.00939212e-09	2.0973072e-10	0.00378882682	0	0	0	0	3
83	18	0	2.075	3.61548854e-10	4.39757241e-10	8.34329628e-11	1.00939212e-09	2.10326868e-10	0.00378882682	0	0	0	0	3
84	18	0	2.1	3.56490747e-10	4.13466432e-10	8.34329628e-11	1.00939212e-09	2.36617677e-10	0.00378882682	0	0	0	0	3
85	18	0	2.125	3.11920775e-10	4.03171969e-10	8.34329628e-11	1.00939212e-09	2.4691214e-10	0.00378882682	0	0	0	0	3
86	18	0	2.15	4.56941007e-10	4.00659242e-10	8.34329628e-11	1.00939212e-09	2.49424867e-10	0.00378882682	0	0	0	0	3
87	18	0	2.175	2.81669543e-10	4.07772453e-10	8.34329628e-11	1.00939212e-09	2.49424867e-10	0.00378882682	0	0	0	0	3
88	18	0	2.2	7.64255389e-10	3.96099276e-10	8.34329628e-11	7.64255389e-10	2.53984833e-10	0.00378882682	0	0	0	0	3
89	19	0	2.225	4.47137946e-10	3.99308037e-10	8.34329628e-11	7.64255389e-10	2.48492407e-10	0.00378882682	0	0	0	0	3
90	19	0	2.25	4.41684072e-10	3.98274356e-10	8.34329628e-11	7.64255389e-10	2.35653232e-10	0.00378882682	0	0	0	0	3
91	19	0	2.275	4.26463067e-10	3.97392905e-10	8.34329628e-11	7.64255389e-10	2.2759742e-10	0.00378882682	0	0	0	0	3
92	19	0	2.3	2.38954447e-10	3.84813737e-10	8.34329628e-11	7.64255389e-10	2.29219699e-10	0.00378882682	0	0	0	0	3
93	19	0	2.325	2.5874513e-10	3.68319932e-10	8.34329628e-11	7.64255389e-10	2.26301994e-10	0.00378882682	0	0	0	0	3
94	19	0	2.35	1.41865125e-10	3.56569818e-10	8.34329628e-11	7.64255389e-10	2.22870204e-10	0.00378882682	0	0	0	0	3
95	19	0	2.375	3.25404864e-10	3.53926041e-10	8.34329628e-11	7.64255389e-10	2.19141935e-10	0.00378882682	0	0	0	0	3
96	20	0	2.4	6.88301743e-10	3.67205885e-10	8.34329628e-11	7.64255389e-10	2.19141935e-10	0.00378882682	0	0	0	0	3
97	20	0	2.425	3.50649725e-10	3.54177082e-10	8.34329628e-11	7.64255389e-10	1.98499535e-10	0.00378882682	0	0	0	0	3
98	20	0	2.45	5.00812719e-10	3.72717486e-10	8.34329628e-11	7.64255389e-10	1.79832016e-10	0.00378882682	0	0	0	0	3
99	20	0	2.475	3.7618183e-10	3.78848746e-10	8.34329628e-11	7.64255389e-10	1.75549633e-10	0.00378882682	0	0	0	0	3
100	20	0	2.5	3.54912705e-11	3.64344478e-10	3.54912705e-11	7.64255389e-10	1.3110622e-10	0.00378882682	0	0	0	0	3
101	21	0	2.525	4.79588613e-10	3.83209033e-10	3.54912705e-11	7.64255389e-10	8.86607262e-11	0.00378882682	0	0	0	0	3
102	21	0	2.55	3.99044209e-11	3.71313936e-10	3.54912705e-11	7.64255389e-10	8.64273481e-11	0.00378882682	0	0	0	0	3
103	21	0	2.575	-4.10612855e-11	3.44902381e-10	-4.10612855e-11	7.64255389e-10	9.48548601e-11	0.00378882682	0	0	0	0	3
104	21	0	2.6	-5.21596716e-11	3.25201975e-10	-5.21596716e-11	7.64255389e-10	8.82644573e-11	0.00378882682	0	0	0	0	3
105	21	0	2.625	4.75698766e-10	3.30878547e-10	-5.21596716e-11	7.64255389e-10	8.25704782e-11	0.00378882682	0	0	0	0	3
106	21	0	2.65	-4.57669519e-11	3.13845798e-10	-5.21596716e-11	7.64255389e-10	9.39266548e-11	0.00378882682	0	0	0	0	3
107	21	0	2.675	3.14835263e-10	3.07078858e-10	-5.21596716e-11	7.64255389e-10	1.00693595e-10	0.00378882682	0	0	0	0	3
108	22	0	2.7	2.01019418e-11	2.94623258e-10	-5.21596716e-11	7.64255389e-10	1.04684779e-10	0.00378882682	0	0	0	0	3
109	22	0	2.725	3.18784992e-10	2.73410382e-10	-5.21596716e-11	6.88301743e-10	1.25897655e-10	0.00378882682	0	0	0	0	3
110	22	0	2.75	3.23791211e-11	2.53659962e-10	-5.21596716e-11	6.88301743e-10	1.44614395e-10	0.00378882682	0	0	0	0	3
111	22	0	2.775	3.57923185e-10	2.49671348e-10	-5.21596716e-11	6.88301743e-10	1.47721557e-10	0.00378882682	0	0	0	0	3
112	22	0	2.8	-1.30200204e-10	2.23163573e-10	-1.30200204e-10	6.88301743e-10	1.61650163e-10	0.00378882682	0	0	0	0	3
113	22	0	2.825	3.98961358e-10	2.3078295e-10	-1.30200204e-10	6.88301743e-10	1.6004546e-10	0.00378882682	0	0	0	0	3
114	22	0	2.85	-1.14523772e-10	2.13008241e-10	-1.30200204e-10	6.88301743e-10	1.70200793e-10	0.00378882682	0	0	0	0	3
115	23	0	2.875	4.59689448e-11	2.08441756e-10	-1.30200204e-10	6.88301743e-10	1.74767277e-10	0.00378882682	0	0	0	0	3
116	23	0	2.9	-1.93029681e-11	1.92027097e-10	-1.30200204e-10	6.88301743e-10	1.91181936e-10	0.00378882682	0	0	0	0	3
117	23	0	2.925	7.29797273e-11	1.62726049e-10	-1.30200204e-10	5.00812719e-10	2.20482984e-10	0.00378882682	0	0	0	0	3
118	23	0	2.95	-3.93859867e-11	1.4415292e-10	-1.30200204e-10	5.00812719e-10	2.39056114e-10	0.00378882682	0	0	0	0	3
119	23	0	2.975	2.62866445e-10	1.32822145e-10	-1.30200204e-10	4.79588613e-10	2.50386888e-10	0.00378882682	0	0	0	0	3
120	23	0	3	7.30432459e-11	1.18386974e-10	-1.30200204e-10	4.79588613e-10	2.64822059e-10	0.00378882682	0	0	0	0	3
121	24	0	3.025	9.77798614e-11	1.21353097e-10	-1.30200204e-10	4.79588613e-10	2.64822059e-10	0.00378882682	0	0	0	0	3
122	24	0	3.05	9.3055002e-11	1.02946735e-10	-1.30200204e-10	4.75698766e-10	2.68367201e-10	0.00378882682	0	0	0	0	3
123	24	0	3.075	1.1853018e-10	1.06690819e-10	-1.30200204e-10	4.75698766e-10	2.41955646e-10	0.00378882682	0	0	0	0	3
124	24	0	3.1	5.26739563e-11	1.11154402e-10	-1.30200204e-10	4.75698766e-10	2.27931812e-10	0.00378882682	0	0	0	0	3
125	24	0	3.125	-7.05177783e-11	1.10280206e-10	-1.30200204e-10	4.75698766e-10	2.27931812e-10	0.00378882682	0	0	0	0	3
126	24	0	3.15	-2.59575618e-14	8.76266479e-11	-1.30200204e-10	3.98961358e-10	2.26219151e-10	0.00378882682	0	0	0	0	3
127	24	0	3.175	-6.62330807e-11	8.66520703e-11	-1.30200204e-10	3.98961358e-10	2.20426788e-10	0.00378882682	0	0	0	0	3
128	25	0	3.2	-3.1501681e-10	5.66591144e-11	-3.1501681e-10	3.98961358e-10	2.37964144e-10	0.00378882682	0	0	0	0	3
129	25	0	3.225	-2.57163241e-11	5.44772922e-11	-3.1501681e-10	3.98961358e-10	2.1893309e-10	0.00378882682	0	0	0	0	3
130	25	0	3.25	9.72761539e-12	3.97602743e-11	-3.1501681e-10	3.98961358e-10	2.13899688e-10	0.00378882682	0	0	0	0	3
131	25	0	3.275	1.5880914e-10	4.57807514e-11	-3.1501681e-10	3.98961358e-10	2.09911074e-10	0.00378882682	0	0	0	0	3
132	25	0	3.3	-3.9116877e-10	1.01097059e-11	-3.9116877e-10	3.98961358e-10	2.20673244e-10	0.00378882682	0	0	0	0	3
133	25	0	3.325	2.58640672e-10	2.86259381e-11	-3.9116877e-10	3.98961358e-10	2.20673244e-10	0.00378882682	0	0	0	0	3
134	25	0	3.35	-1.60869989e-11	8.86173064e-12	-3.9116877e-10	2.62866445e-10	2.0414651e-10	0.00378882682	0	0	0	0	3
135	26	0	3.375	5.4038827e-10	4.00480183e-11	-3.9116877e-10	5.4038827e-10	1.99580025e-10	0.00378882682	0	0	0	0	3
136	26	0	3.4	-3.89279073e-10	1.93219222e-11	-3.9116877e-10	5.4038827e-10	1.83165366e-10	0.00378882682	0	0	0	0	3
137	26	0	3.425	-1.55085034e-11	1.9502611e-11	-3.9116877e-10	5.4038827e-10	1.53864318e-10	0.00378882682	0	0	0	0	3
138	26	0	3.45	-4.10412654e-10	-3.51607383e-12	-4.10412654e-10	5.4038827e-10	1.47668993e-10	0.00378882682	0	0	0	0	3
139	26	0	3.475	-3.41120055e-10	-1.78843628e-11	-4.10412654e-10	5.4038827e-10	1.50706507e-10	0.00378882682	0	0	0	0	3
140	26	0	3.5	-3.50823654e-10	-4.71077008e-11	-4.10412654e-10	5.4038827e-10	1.68460798e-10	0.00378882682	0	0	0	0	3
141	26	0	3.525	-7.47813955e-11	-5.41469695e-11	-4.10412654e-10	5.4038827e-10	1.75500067e-10	0.00378882682	0	0	0	0	3
142	27	0	3.55	-1.15109442e-10	-6.42845553e-11	-4.10412654e-10	5.4038827e-10	1.75438957e-10	0.00378882682	0	0	0	0	3
143	27	0	3.575	-1.8580911e-10	-7.75637988e-11	-4.10412654e-10	5.4038827e-10	1.887182e-10	0.00378882682	0	0	0	0	3
144	27	0	3.6	-4.53051214e-10	-1.0478196e-10	-4.53051214e-10	5.4038827e-10	2.15936362e-10	0.00378882682	0	0	0	0	3
145	27	0	3.625	-3.0695419e-10	-1.2190711e-10	-4.53051214e-10	5.4038827e-10	2.32187316e-10	0.00378882682	0	0	0	0	3
146	27	0	3.65	2.82717399e-10	-1.05086387e-10	-4.53051214e-10	5.4038827e-10	2.09533758e-10	0.00378882682	0	0	0	0	3
147	27	0	3.675	-6.68822254e-10	-1.3693383e-10	-6.68822254e-10	5.4038827e-10	2.235859e-10	0.00378882682	0	0	0	0	3
148	28	0	3.7	-4.70159626e-10	-1.56168428e-10	-6.68822254e-10	5.4038827e-10	2.12827542e-10	0.00378882682	0	0	0	0	3
149	28	0	3.725	9.27441118e-11	-1.36751241e-10	-6.68822254e-10	5.4038827e-10	2.1064572e-10	0.00378882682	0	0	0	0	3
150	28	0	3.75	-3.26714648e-10	-1.51084494e-10	-6.68822254e-10	5.4038827e-10	2.01949179e-10	0.00378882682	0	0	0	0	3
151	28	0	3.775	-6.13803778e-10	-1.80776465e-10	-6.68822254e-10	5.4038827e-10	2.26557217e-10	0.00378882682	0	0	0	0	3
152	28	0	3.8	-2.85142346e-10	-2.01917012e-10	-6.68822254e-10	5.4038827e-10	2.41965031e-10	0.00378882682	0	0	0	0	3
153	28	0	3.825	-8.61368816e-10	-2.24307491e-10	-8.61368816e-10	5.4038827e-10	2.64355509e-10	0.00378882682	0	0	0	0	3
154	28	0	3.85	-4.11238605e-10	-2.56206504e-10	-8.61368816e-10	5.4038827e-10	2.96254522e-10	0.00378882682	0	0	0	0	3
155	29	0	3.875	-5.0760971e-11	-2.57857645e-10	-8.61368816e-10	5.4038827e-10	2.97905664e-10	0.00378882682	0	0	0	0	3
156	29	0	3.9	-3.73167892e-10	-3.0136032e-10	-8.61368816e-10	2.82717399e-10	3.20862931e-10	0.00378882682	0	0	0	0	3
157	29	0	3.925	-2.97194817e-10	-2.96975355e-10	-8.61368816e-10	2.82717399e-10	3.20862931e-10	0.00378882682	0	0	0	0	3
158	29	0	3.95	-3.6153188e-10	-3.13452659e-10	-8.61368816e-10	2.82717399e-10	3.09936585e-10	0.00378882682	0	0	0	0	3
159	29	0	3.975	-6.06963652e-10	-3.2281223e-10	-8.61368816e-10	2.82717399e-10	3.04927867e-10	0.00378882682	0	0	0	0	3
160	29	0	4	-5.78982257e-10	-3.34139002e-10	-8.61368816e-10	2.82717399e-10	2.87031301e-10	0.00378882682	0	0	0	0	3
