Iteration	CPUTime	PhysTime	Travels	Value	AvValue	MinValue	MaxValue	Delta	Criteria	PrevAvRefValue	Progress	CriteriaType	CriteriaVarType	CriteriaPercentage
1	2	0	0.025	0.390332911	0.390332911	0.390332911	0.390332911	0	0	0	0	0	0	3
2	2	0	0.05	0.37936362	0.384848265	0.37936362	0.390332911	0.00548464511	0	0	0	0	0	3
3	2	0	0.075	0.371967159	0.380554563	0.371967159	0.390332911	0.00977834737	0	0	0	0	0	3
4	2	0	0.1	0.368158587	0.377455569	0.368158587	0.390332911	0.0128773413	0	0	0	0	0	3
5	3	0	0.125	0.36493837	0.374952129	0.36493837	0.390332911	0.0153807812	0	0	0	0	0	3
6	3	0	0.15	0.362606687	0.372894556	0.362606687	0.390332911	0.0174383548	0	0	0	0	0	3
7	3	0	0.175	0.361137085	0.371214917	0.361137085	0.390332911	0.0191179934	0	0	0	0	0	3
8	3	0	0.2	0.360277311	0.369847716	0.360277311	0.390332911	0.0204851942	0	0	0	0	0	3
9	4	0	0.225	0.359512526	0.368699362	0.359512526	0.390332911	0.0216335487	0	0	0	0	0	3
10	4	0	0.25	0.358876844	0.36771711	0.358876844	0.390332911	0.0226158004	0	0	0	0	0	3
11	4	0	0.275	0.358254744	0.366856895	0.358254744	0.390332911	0.0234760155	0	0	0	0	0	3
12	4	0	0.3	0.357663373	0.366090768	0.357663373	0.390332911	0.0242421423	0	0	0	0	0	3
13	4	0	0.325	0.357078854	0.365397544	0.357078854	0.390332911	0.0249353665	0	0	0	0	0	3
14	5	0	0.35	0.356492913	0.364761499	0.356492913	0.390332911	0.0255714116	0	0	0	0	0	3
15	5	0	0.375	0.355920213	0.36417208	0.355920213	0.390332911	0.0261608307	0	0	0	0	0	3
16	5	0	0.4	0.355372732	0.363622121	0.355372732	0.390332911	0.0267107899	0	0	0	0	0	3
17	5	0	0.425	0.354876204	0.363107655	0.354876204	0.390332911	0.0272252556	0	0	0	0	0	3
18	6	0	0.45	0.355043523	0.362659648	0.354876204	0.390332911	0.0276732629	0	0	0	0	0	3
19	6	0	0.475	0.354825311	0.362247314	0.354825311	0.390332911	0.0280855964	0	0	0	0	0	3
20	6	0	0.5	0.354550298	0.361862463	0.354550298	0.390332911	0.0284704472	0	0	0	0	0	3
21	6	0	0.525	0.354555195	0.360073578	0.354550298	0.37936362	0.0247746879	0	0	0	0	0	3
22	7	0	0.55	0.354358392	0.358823316	0.354358392	0.371967159	0.0176087667	0	0	0	0	0	3
23	7	0	0.575	0.354361997	0.357943058	0.354358392	0.368158587	0.0138001954	0	0	0	0	0	3
24	7	0	0.6	0.354349551	0.357252606	0.354349551	0.36493837	0.0105888191	0	0	0	0	0	3
25	7	0	0.625	0.354415187	0.356726447	0.354349551	0.362606687	0.00825713673	0	0	0	0	0	3
26	7	0	0.65	0.354448944	0.35631856	0.354349551	0.361137085	0.00678753462	0	0	0	0	0	3
27	8	0	0.675	0.354478243	0.355985618	0.354349551	0.360277311	0.00592776007	0	0	0	0	0	3
28	8	0	0.7	0.354567858	0.355700145	0.354349551	0.359512526	0.00516297523	0	0	0	0	0	3
29	8	0	0.725	0.354772803	0.355463159	0.354349551	0.358876844	0.00452729367	0	0	0	0	0	3
30	8	0	0.75	0.354959249	0.355267279	0.354349551	0.358254744	0.00390519365	0	0	0	0	0	3
31	9	0	0.775	0.355130789	0.355111081	0.354349551	0.357663373	0.00331382237	0	0	0	0	0	3
32	9	0	0.8	0.355272769	0.354991551	0.354349551	0.357078854	0.00272930284	0	0	0	0	0	3
33	9	0	0.825	0.355391167	0.354907167	0.354349551	0.356492913	0.0021433621	0	0	0	0	0	3
34	9	0	0.85	0.355495705	0.354857306	0.354349551	0.355920213	0.00157066208	0	0	0	0	0	3
35	10	0	0.875	0.355584029	0.354840497	0.354349551	0.355584029	0.00123447815	0	0	0	0	0	3
36	10	0	0.9	0.355908635	0.354867292	0.354349551	0.355908635	0.00155908422	0	0	0	0	0	3
37	10	0	0.925	0.356257082	0.354936336	0.354349551	0.356257082	0.00190753128	0	0	0	0	0	3
38	10	0	0.95	0.356596063	0.355013963	0.354349551	0.356596063	0.00224651189	0	0	0	0	0	3
39	10	0	0.975	0.356926482	0.355119022	0.354349551	0.356926482	0.00257693137	0	0	0	0	0	3
40	11	0	1	0.357247987	0.355253906	0.354349551	0.357247987	0.00289843612	0.00110377837	0	38	0	0	3
41	11	0	1.025	0.357561015	0.355404197	0.354349551	0.357561015	0.00321146465	0.00110377837	0	34.3	0	0	3
42	11	0	1.05	0.357866287	0.355579592	0.354349551	0.357866287	0.0031025607	0.00110377837	0	35.5	0	0	3
43	11	0	1.075	0.358163286	0.355769657	0.354349551	0.358163286	0.00241210888	0.00110377837	0	45.7	0	0	3
44	12	0	1.1	0.358454231	0.355897493	0.354349551	0.358454231	0.00241210888	0.00110377837	0	45.7	0	0	3
45	12	0	1.125	0.35873509	0.356106329	0.354415187	0.35873509	0.00188594973	0.00110377837	0	58.5	0	0	3
46	12	0	1.15	0.359010278	0.356325143	0.354448944	0.359010278	0.00148464525	0.00110377837	0	74.3	0	0	3
47	12	0	1.175	0.359279538	0.356555171	0.354478243	0.359279538	0.00171467352	0.00110377837	0	64.3	0	0	3
48	12	0	1.2	0.359537924	0.356796108	0.354567858	0.359537924	0.0019556107	0.00110377837	0	56.4	0	0	3
49	12	0	1.225	0.359791897	0.357044872	0.354772803	0.359791897	0.00220437446	0.00110377837	0	50	0	0	3
50	12	0	1.25	0.360038665	0.357295627	0.354959249	0.360038665	0.0024551298	0.00110377837	0	44.9	0	0	3
51	13	0	1.275	0.360282784	0.357549129	0.355130789	0.360282784	0.00270863144	0.00110377837	0	40.7	0	0	3
52	13	0	1.3	0.360519635	0.35780574	0.355272769	0.360519635	0.00296524314	0.00110377837	0	37.2	0	0	3
53	13	0	1.325	0.360752639	0.358066687	0.355391167	0.360752639	0.00322618934	0.00110377837	0	34.2	0	0	3
54	13	0	1.35	0.360981437	0.35833289	0.355495705	0.360981437	0.00349239265	0.00110377837	0	31.6	0	0	3
55	13	0	1.375	0.361207081	0.35860486	0.355584029	0.361207081	0.00376436295	0.00110377837	0	29.3	0	0	3
56	14	0	1.4	0.361425729	0.358883036	0.355908635	0.361425729	0.00401574399	0.00110377837	0	27.4	0	0	3
57	14	0	1.425	0.361640801	0.359155997	0.356257082	0.361640801	0.00421966037	0.00110377837	0	26.1	0	0	3
58	14	0	1.45	0.361851621	0.359422403	0.356596063	0.361851621	0.00440844002	0.00110377837	0	25	0	0	3
59	14	0	1.475	0.362060319	0.359682606	0.356926482	0.362060319	0.00456358416	0.00110377837	0	24.1	0	0	3
60	14	0	1.5	0.362262905	0.359936721	0.357247987	0.362262905	0.00468281507	0.00110377837	0	23.5	0	0	3
61	14	0	1.525	0.362463248	0.360185067	0.357561015	0.362463248	0.00478086983	0.00110377837	0	23	0	0	3
62	14	0	1.55	0.362660385	0.360427894	0.357866287	0.362660385	0.00479409798	0.00110377837	0	23	0	0	3
63	15	0	1.575	0.362855077	0.360665456	0.358163286	0.362855077	0.00469179069	0.00110377837	0	23.5	0	0	3
64	15	0	1.6	0.363044372	0.360897888	0.358454231	0.363044372	0.00459014088	0.00110377837	0	24	0	0	3
65	15	0	1.625	0.363226352	0.361125132	0.35873509	0.363226352	0.00449126199	0.00110377837	0	24.5	0	0	3
66	15	0	1.65	0.363409206	0.361347709	0.359010278	0.363409206	0.00439892776	0.00110377837	0	25	0	0	3
67	15	0	1.675	0.363588323	0.361565711	0.359279538	0.363588323	0.00430878541	0.00110377837	0	25.6	0	0	3
68	15	0	1.7	0.36376297	0.361779208	0.359537924	0.36376297	0.0042250458	0.00110377837	0	26.1	0	0	3
69	15	0	1.725	0.363936591	0.361988668	0.359791897	0.363936591	0.00414469341	0.00110377837	0	26.6	0	0	3
70	16	0	1.75	0.364106088	0.362194106	0.360038665	0.364106088	0.00406742323	0.00110377837	0	27.1	0	0	3
71	16	0	1.775	0.364274031	0.36239579	0.360282784	0.364274031	0.00399124666	0.00110377837	0	27.6	0	0	3
72	16	0	1.8	0.364438577	0.362593685	0.360519635	0.364438577	0.00391894258	0.00110377837	0	28.1	0	0	3
73	16	0	1.825	0.364600141	0.362787995	0.360752639	0.364600141	0.00384750231	0.00110377837	0	28.6	0	0	3
74	16	0	1.85	0.364759717	0.362978808	0.360981437	0.364759717	0.00377827992	0.00110377837	0	29.2	0	0	3
75	16	0	1.875	0.364918515	0.363166288	0.361207081	0.364918515	0.00371143389	0.00110377837	0	29.7	0	0	3
76	17	0	1.9	0.365074437	0.363350448	0.361425729	0.365074437	0.0036487076	0.00110377837	0	30.2	0	0	3
77	17	0	1.925	0.365229048	0.363531558	0.361640801	0.365229048	0.00358824684	0.00110377837	0	30.7	0	0	3
78	17	0	1.95	0.36537987	0.363709609	0.361851621	0.36537987	0.00352824875	0.00110377837	0	31.2	0	0	3
79	17	0	1.975	0.365529115	0.363884728	0.362060319	0.365529115	0.00346879647	0.00110377837	0	31.8	0	0	3
80	17	0	2	0.365675516	0.36405688	0.362262905	0.365675516	0.0034126107	0.00110377837	0	32.3	0	0	3
81	17	0	2.025	0.36582076	0.364226302	0.362463248	0.36582076	0.00335751223	0.00110377837	0	32.8	0	0	3
82	18	0	2.05	0.365962847	0.364392949	0.362660385	0.365962847	0.00330246198	0.00110377837	0	33.4	0	0	3
83	18	0	2.075	0.366103686	0.364556916	0.362855077	0.366103686	0.00324860933	0.00110377837	0	33.9	0	0	3
84	18	0	2.1	0.366241591	0.364718179	0.363044372	0.366241591	0.0031972189	0.00110377837	0	34.5	0	0	3
85	18	0	2.125	0.366378674	0.364876955	0.363226352	0.366378674	0.00315232187	0.00110377837	0	35	0	0	3
86	18	0	2.15	0.366513112	0.365033467	0.363409206	0.366513112	0.00310390537	0.00110377837	0	35.5	0	0	3
87	18	0	2.175	0.366646343	0.365187617	0.363588323	0.366646343	0.00305801943	0.00110377837	0	36	0	0	3
88	18	0	2.2	0.366770426	0.365339145	0.36376297	0.366770426	0.00300745657	0.00110377837	0	36.7	0	0	3
89	19	0	2.225	0.36690225	0.365488635	0.363936591	0.36690225	0.00296565877	0.00110377837	0	37.2	0	0	3
90	19	0	2.25	0.367030797	0.365635978	0.364106088	0.367030797	0.00292470814	0.00110377837	0	37.7	0	0	3
91	19	0	2.275	0.367158361	0.365781324	0.364274031	0.367158361	0.00288433039	0.00110377837	0	38.2	0	0	3
92	19	0	2.3	0.36728277	0.365924598	0.364438577	0.36728277	0.00284419283	0.00110377837	0	38.8	0	0	3
93	19	0	2.325	0.367406347	0.36606592	0.364600141	0.367406347	0.00280620576	0.00110377837	0	39.3	0	0	3
94	19	0	2.35	0.367528578	0.366205369	0.364759717	0.367528578	0.00276886131	0.00110377837	0	39.8	0	0	3
95	19	0	2.375	0.367649468	0.366342977	0.364918515	0.367649468	0.00273095347	0.00110377837	0	40.4	0	0	3
96	20	0	2.4	0.367768948	0.366478712	0.365074437	0.367768948	0.00269451098	0.00110377837	0	40.9	0	0	3
97	20	0	2.425	0.367887025	0.366612644	0.365229048	0.367887025	0.00265797748	0.00110377837	0	41.5	0	0	3
98	20	0	2.45	0.368003653	0.366744768	0.36537987	0.368003653	0.00262378357	0.00110377837	0	42	0	0	3
99	20	0	2.475	0.368119204	0.366875213	0.365529115	0.368119204	0.00259008921	0.00110377837	0	42.6	0	0	3
100	20	0	2.5	0.368233272	0.367003982	0.365675516	0.368233272	0.00255775565	0.00110377837	0	43.1	0	0	3
101	21	0	2.525	0.368346138	0.367131155	0.36582076	0.368346138	0.0025253777	0.00110377837	0	43.7	0	0	3
102	21	0	2.55	0.368457923	0.367256734	0.365962847	0.368457923	0.0024950764	0.00110377837	0	44.2	0	0	3
103	21	0	2.575	0.368568445	0.36738081	0.366103686	0.368568445	0.00246475874	0.00110377837	0	44.7	0	0	3
104	21	0	2.6	0.368677846	0.367503389	0.366241591	0.368677846	0.00243625495	0.00110377837	0	45.3	0	0	3
105	21	0	2.625	0.36878617	0.367624559	0.366378674	0.36878617	0.00240749594	0.00110377837	0	45.8	0	0	3
106	21	0	2.65	0.368893287	0.367744303	0.366513112	0.368893287	0.00238017511	0.00110377837	0	46.3	0	0	3
107	21	0	2.675	0.368999532	0.367862704	0.366646343	0.368999532	0.00235318967	0.00110377837	0	46.9	0	0	3
108	22	0	2.7	0.369104572	0.367979762	0.366770426	0.369104572	0.00233414634	0.00110377837	0	47.2	0	0	3
109	22	0	2.725	0.369208881	0.368095879	0.36690225	0.369208881	0.00230663167	0.00110377837	0	47.8	0	0	3
110	22	0	2.75	0.369312273	0.368210642	0.367030797	0.369312273	0.00228147676	0.00110377837	0	48.3	0	0	3
111	22	0	2.775	0.369414912	0.368324172	0.367158361	0.369414912	0.00225655129	0.00110377837	0	48.9	0	0	3
112	22	0	2.8	0.369516415	0.36843646	0.36728277	0.369516415	0.00223364471	0.00110377837	0	49.4	0	0	3
113	22	0	2.825	0.369617107	0.368547619	0.367406347	0.369617107	0.00221076024	0.00110377837	0	49.9	0	0	3
114	22	0	2.85	0.369716843	0.368657643	0.367528578	0.369716843	0.00218826481	0.00110377837	0	50.4	0	0	3
115	23	0	2.875	0.369815628	0.36876655	0.367649468	0.369815628	0.0021661599	0.00110377837	0	50.9	0	0	3
116	23	0	2.9	0.36991378	0.368874374	0.367768948	0.36991378	0.00214483241	0.00110377837	0	51.4	0	0	3
117	23	0	2.925	0.370010949	0.368981136	0.367887025	0.370010949	0.00212392342	0.00110377837	0	51.9	0	0	3
118	23	0	2.95	0.370107212	0.369086859	0.368003653	0.370107212	0.00210355855	0.00110377837	0	52.4	0	0	3
119	23	0	2.975	0.370202956	0.369191588	0.368119204	0.370202956	0.00208375164	0.00110377837	0	52.9	0	0	3
120	23	0	3	0.370297666	0.369295324	0.368233272	0.370297666	0.00206439458	0.00110377837	0	53.4	0	0	3
121	24	0	3.025	0.37039169	0.369398106	0.368346138	0.37039169	0.00204555242	0.00110377837	0	53.9	0	0	3
122	24	0	3.05	0.370484857	0.36949995	0.368457923	0.370484857	0.00202693362	0.00110377837	0	54.4	0	0	3
123	24	0	3.075	0.370577181	0.369600867	0.368568445	0.370577181	0.00200873679	0.00110377837	0	54.9	0	0	3
124	24	0	3.1	0.370668859	0.369700887	0.368677846	0.370668859	0.00199101279	0.00110377837	0	55.4	0	0	3
125	24	0	3.125	0.370759696	0.369800022	0.36878617	0.370759696	0.00197352579	0.00110377837	0	55.9	0	0	3
126	24	0	3.15	0.37084991	0.369898296	0.368893287	0.37084991	0.00195662311	0.00110377837	0	56.4	0	0	3
127	24	0	3.175	0.370939432	0.369995731	0.368999532	0.370939432	0.00193990015	0.00110377837	0	56.8	0	0	3
128	25	0	3.2	0.37102857	0.370092352	0.369104572	0.37102857	0.00192399794	0.00110377837	0	57.3	0	0	3
129	25	0	3.225	0.37111699	0.370188181	0.369208881	0.37111699	0.00190810925	0.00110377837	0	57.8	0	0	3
130	25	0	3.25	0.371204777	0.370283224	0.369312273	0.371204777	0.00189250338	0.00110377837	0	58.3	0	0	3
131	25	0	3.275	0.371291764	0.370377485	0.369414912	0.371291764	0.00187685161	0.00110377837	0	58.8	0	0	3
132	25	0	3.3	0.371378499	0.37047099	0.369516415	0.371378499	0.00186208458	0.00110377837	0	59.2	0	0	3
133	25	0	3.325	0.371464548	0.370563758	0.369617107	0.371464548	0.00184744136	0.00110377837	0	59.7	0	0	3
134	25	0	3.35	0.371550045	0.370655803	0.369716843	0.371550045	0.00183320188	0.00110377837	0	60.2	0	0	3
135	26	0	3.375	0.371635131	0.37074715	0.369815628	0.371635131	0.00181950245	0.00110377837	0	60.6	0	0	3
136	26	0	3.4	0.371719681	0.370837819	0.36991378	0.371719681	0.00180590106	0.00110377837	0	61.1	0	0	3
137	26	0	3.425	0.371803714	0.370927816	0.370010949	0.371803714	0.00179276514	0.00110377837	0	61.5	0	0	3
138	26	0	3.45	0.371887025	0.371017153	0.370107212	0.371887025	0.00177981295	0.00110377837	0	62	0	0	3
139	26	0	3.475	0.371969823	0.371105848	0.370202956	0.371969823	0.0017668666	0.00110377837	0	62.4	0	0	3
140	26	0	3.5	0.37205212	0.371193904	0.370297666	0.37205212	0.00175445381	0.00110377837	0	62.9	0	0	3
141	26	0	3.525	0.372133688	0.371281333	0.37039169	0.372133688	0.00174199736	0.00110377837	0	63.3	0	0	3
142	27	0	3.55	0.372214746	0.371368146	0.370484857	0.372214746	0.00172988921	0.00110377837	0	63.8	0	0	3
143	27	0	3.575	0.372295102	0.371454348	0.370577181	0.372295102	0.00171792033	0.00110377837	0	64.2	0	0	3
144	27	0	3.6	0.372374879	0.371539952	0.370668859	0.372374879	0.0017060204	0.00110377837	0	64.6	0	0	3
145	27	0	3.625	0.372453996	0.371624959	0.370759696	0.372453996	0.00169430079	0.00110377837	0	65.1	0	0	3
146	27	0	3.65	0.372532533	0.37170938	0.37084991	0.372532533	0.00168262337	0.00110377837	0	65.5	0	0	3
147	27	0	3.675	0.372610293	0.371793207	0.370939432	0.372610293	0.00167086011	0.00110377837	0	66	0	0	3
148	28	0	3.7	0.37268763	0.371876455	0.37102857	0.37268763	0.00165905954	0.00110377837	0	66.5	0	0	3
149	28	0	3.725	0.372764269	0.371959107	0.37111699	0.372764269	0.00164727815	0.00110377837	0	67	0	0	3
150	28	0	3.75	0.372840205	0.372041165	0.371204777	0.372840205	0.00163542809	0.00110377837	0	67.4	0	0	3
151	28	0	3.775	0.372915801	0.372122642	0.371291764	0.372915801	0.00162403744	0.00110377837	0	67.9	0	0	3
152	28	0	3.8	0.372990575	0.372203538	0.371378499	0.372990575	0.00161207524	0.00110377837	0	68.4	0	0	3
153	28	0	3.825	0.373064782	0.372283837	0.371464548	0.373064782	0.00160023353	0.00110377837	0	68.9	0	0	3
154	28	0	3.85	0.373138304	0.37236354	0.371550045	0.373138304	0.00158825872	0.00110377837	0	69.4	0	0	3
155	29	0	3.875	0.373211144	0.37244264	0.371635131	0.373211144	0.00157601295	0.00110377837	0	70	0	0	3
156	29	0	3.9	0.373283355	0.372521127	0.371719681	0.373283355	0.00156367357	0.00110377837	0	70.5	0	0	3
157	29	0	3.925	0.373354967	0.372598998	0.371803714	0.373354967	0.00155125321	0.00110377837	0	71.1	0	0	3
158	29	0	3.95	0.373425836	0.372676241	0.371887025	0.373425836	0.00153881147	0.00110377837	0	71.7	0	0	3
159	29	0	3.975	0.373496278	0.372752873	0.371969823	0.373496278	0.00152645556	0.00110377837	0	72.3	0	0	3
160	29	0	4	0.373565809	0.372828872	0.37205212	0.373565809	0.00151368944	0.00110377837	0	72.9	0	0	3
