Iteration	CPUTime	PhysTime	Travels	Value	AvValue	MinValue	MaxValue	Delta	Criteria	PrevAvRefValue	Progress	CriteriaType	CriteriaVarType	CriteriaPercentage
1	2	0	0.025	309.749987	309.749987	309.749987	309.749987	0	0	0	0	0	0	3
2	2	0	0.05	309.749996	309.749992	309.749987	309.749996	4.63500692e-06	0	0	0	0	0	3
3	3	0	0.075	309.749997	309.749993	309.749987	309.749997	6.27766804e-06	0	0	0	0	0	3
4	3	0	0.1	309.749997	309.749994	309.749987	309.749997	7.09777208e-06	0	0	0	0	0	3
5	3	0	0.125	309.749997	309.749995	309.749987	309.749997	7.59646673e-06	0	0	0	0	0	3
6	3	0	0.15	309.749997	309.749995	309.749987	309.749997	7.94253708e-06	0	0	0	0	0	3
7	3	0	0.175	309.749997	309.749995	309.749987	309.749997	8.193035e-06	0	0	0	0	0	3
8	4	0	0.2	309.749997	309.749995	309.749987	309.749997	8.3850245e-06	0	0	0	0	0	3
9	4	0	0.225	309.749997	309.749995	309.749987	309.749997	8.53835508e-06	0	0	0	0	0	3
10	4	0	0.25	309.749997	309.749996	309.749987	309.749997	8.66210172e-06	0	0	0	0	0	3
11	5	0	0.275	309.749997	309.749996	309.749987	309.749997	8.77182714e-06	0	0	0	0	0	3
12	5	0	0.3	309.749997	309.749996	309.749987	309.749997	8.87123821e-06	0	0	0	0	0	3
13	5	0	0.325	309.749997	309.749996	309.749987	309.749997	8.96211071e-06	0	0	0	0	0	3
14	5	0	0.35	309.749997	309.749996	309.749987	309.749997	9.05712915e-06	0	0	0	0	0	3
15	5	0	0.375	309.749997	309.749996	309.749987	309.749997	9.15422282e-06	0	0	0	0	0	3
16	6	0	0.4	309.749998	309.749996	309.749987	309.749998	9.25977776e-06	0	0	0	0	0	3
17	6	0	0.425	309.749998	309.749996	309.749987	309.749998	9.37775064e-06	0	0	0	0	0	3
18	6	0	0.45	309.749999	309.749996	309.749987	309.749999	9.5052938e-06	0	0	0	0	0	3
19	6	0	0.475	309.749999	309.749997	309.749987	309.749999	9.64268577e-06	0	0	0	0	0	3
20	6	0	0.5	309.75	309.749997	309.749987	309.75	9.7918886e-06	0	0	0	0	0	3
21	7	0	0.525	309.75	309.749997	309.749996	309.75	4.1830981e-06	0	0	0	0	0	3
22	7	0	0.55	309.750001	309.749998	309.749997	309.750001	4.43830203e-06	0	0	0	0	0	3
23	7	0	0.575	309.750002	309.749998	309.749997	309.750002	3.90176251e-06	0	0	0	0	0	3
24	7	0	0.6	309.750003	309.749998	309.749997	309.750003	3.73392999e-06	0	0	0	0	0	3
25	8	0	0.625	309.750004	309.749999	309.749997	309.750004	3.7644503e-06	0	0	0	0	0	3
26	8	0	0.65	309.750006	309.749999	309.749997	309.750006	3.96611199e-06	0	0	0	0	0	3
27	8	0	0.675	309.750007	309.75	309.749997	309.750007	4.3061641e-06	0	0	0	0	0	3
28	8	0	0.7	309.750009	309.75	309.749997	309.750009	4.76121176e-06	0	0	0	0	0	3
29	9	0	0.725	309.750011	309.750001	309.749997	309.750011	5.32639564e-06	0	0	0	0	0	3
30	9	0	0.75	309.750012	309.750002	309.749997	309.750012	5.98562093e-06	0	0	0	0	0	3
31	9	0	0.775	309.750014	309.750003	309.749997	309.750014	6.76615412e-06	0	0	0	0	0	3
32	9	0	0.8	309.750017	309.750004	309.749997	309.750017	7.66541484e-06	0	0	0	0	0	3
33	9	0	0.825	309.750019	309.750005	309.749997	309.750019	8.66521816e-06	0	0	0	0	0	3
34	10	0	0.85	309.750021	309.750006	309.749997	309.750021	9.7546519e-06	0	0	0	0	0	3
35	10	0	0.875	309.750023	309.750007	309.749998	309.750023	1.09217552e-05	0	0	0	0	0	3
36	10	0	0.9	309.750026	309.750009	309.749998	309.750026	1.21978076e-05	0	0	0	0	0	3
37	10	0	0.925	309.750028	309.75001	309.749999	309.750028	1.35695613e-05	0	0	0	0	0	3
38	11	0	0.95	309.750031	309.750012	309.749999	309.750031	1.50259801e-05	0	0	0	0	0	3
39	11	0	0.975	309.750033	309.750013	309.75	309.750033	1.65552225e-05	0	0	0	0	0	3
40	11	0	1	309.750035	309.750015	309.75	309.750035	1.76357138e-05	3.09750035e-06	0	0	0	0	3
41	11	0	1.025	309.750037	309.750017	309.750001	309.750037	1.92278546e-05	3.09750037e-06	0	0	0	0	3
42	12	0	1.05	309.75004	309.750019	309.750002	309.75004	2.08644447e-05	3.0975004e-06	0	0	0	0	3
43	12	0	1.075	309.750042	309.750021	309.750003	309.750042	2.25144097e-05	3.09750042e-06	0	0	0	0	3
44	12	0	1.1	309.750044	309.750022	309.750003	309.750044	2.36112994e-05	3.09750044e-06	0	0	0	0	3
45	12	0	1.125	309.750046	309.750024	309.750004	309.750046	2.52552414e-05	3.09750046e-06	0	0	0	0	3
46	12	0	1.15	309.750048	309.750026	309.750006	309.750048	2.68891361e-05	3.09750048e-06	0	0	0	0	3
47	13	0	1.175	309.75005	309.750028	309.750007	309.75005	2.8472284e-05	3.0975005e-06	0	0	0	0	3
48	13	0	1.2	309.750052	309.75003	309.750009	309.750052	2.99898265e-05	3.09750052e-06	0	0	0	0	3
49	13	0	1.225	309.750054	309.750032	309.750011	309.750054	3.14314028e-05	3.09750054e-06	0	0	0	0	3
50	13	0	1.25	309.750055	309.750035	309.750012	309.750055	3.2786678e-05	3.13649561e-06	0	0	0	0	3
51	13	0	1.275	309.750057	309.750037	309.750014	309.750057	3.40493732e-05	3.19469934e-06	0	0	0	0	3
52	13	0	1.3	309.750059	309.750039	309.750017	309.750059	3.51727408e-05	3.25158498e-06	0	0	0	0	3
53	14	0	1.325	309.75006	309.750041	309.750019	309.75006	3.61561464e-05	3.3068078e-06	0	0	0	0	3
54	14	0	1.35	309.750062	309.750043	309.750021	309.750062	3.70084642e-05	3.35913042e-06	0	0	0	0	3
55	14	0	1.375	309.750063	309.750045	309.750023	309.750063	3.7735042e-05	3.40874097e-06	0	0	0	0	3
56	14	0	1.4	309.750064	309.750047	309.750026	309.750064	3.83200644e-05	3.45681096e-06	0	0	0	0	3
57	14	0	1.425	309.750066	309.750049	309.750028	309.750066	3.76674595e-05	3.50279977e-06	0	0	0	0	3
58	14	0	1.45	309.750067	309.750051	309.750031	309.750067	3.65123378e-05	3.54623754e-06	0	0	0	0	3
59	15	0	1.475	309.750068	309.750052	309.750033	309.750068	3.5432667e-05	3.58712433e-06	0	0	0	0	3
60	15	0	1.5	309.750069	309.750054	309.750035	309.750069	3.43174635e-05	3.62510916e-06	0	0	0	0	3
61	15	0	1.525	309.75007	309.750056	309.750037	309.75007	3.25834152e-05	3.65969819e-06	0	0	0	0	3
62	15	0	1.55	309.750071	309.750057	309.75004	309.750071	3.10206339e-05	3.69105441e-06	0	0	0	0	3
63	15	0	1.575	309.750071	309.750059	309.750042	309.750071	2.95714771e-05	3.71904195e-06	0	0	0	0	3
64	15	0	1.6	309.750072	309.75006	309.750044	309.750072	2.81947719e-05	3.74394255e-06	0	0	0	0	3
65	15	0	1.625	309.750073	309.750062	309.750046	309.750073	2.69874606e-05	3.76577842e-06	0	0	0	0	3
66	16	0	1.65	309.750073	309.750063	309.750048	309.750073	2.51711107e-05	3.78331847e-06	0	0	0	0	3
67	16	0	1.675	309.750074	309.750064	309.75005	309.750074	2.3440985e-05	3.79689993e-06	0	0	0	0	3
68	16	0	1.7	309.750074	309.750065	309.750052	309.750074	2.19455858e-05	3.80680621e-06	0	0	0	0	3
69	16	0	1.725	309.750074	309.750066	309.750054	309.750074	2.07254183e-05	3.8134124e-06	0	0	0	0	3
70	16	0	1.75	309.750075	309.750067	309.750055	309.750075	1.95153984e-05	3.81685064e-06	0	0	0	0	3
71	16	0	1.775	309.750075	309.750068	309.750057	309.750075	1.78136786e-05	3.81599074e-06	0	0	0	0	3
72	16	0	1.8	309.750075	309.750069	309.750059	309.750075	1.64105157e-05	3.8112661e-06	0	0	0	0	3
73	17	0	1.825	309.750076	309.75007	309.75006	309.750076	1.51440501e-05	3.8032408e-06	0	0	0	0	3
74	17	0	1.85	309.750076	309.750071	309.750062	309.750076	1.40104733e-05	3.7922732e-06	0	0	0	0	3
75	17	0	1.875	309.750076	309.750071	309.750063	309.750076	1.30213334e-05	3.77890567e-06	0	0	0	0	3
76	17	0	1.9	309.750076	309.750072	309.750064	309.750076	1.16705392e-05	3.76177701e-06	0	0	0	0	3
77	17	0	1.925	309.750076	309.750073	309.750066	309.750076	1.04760705e-05	3.74162867e-06	0	0	0	0	3
78	17	0	1.95	309.750077	309.750073	309.750067	309.750077	9.4982197e-06	3.71902406e-06	0	0	0	0	3
79	17	0	1.975	309.750077	309.750074	309.750068	309.750077	8.6526673e-06	3.69448586e-06	0	0	0	0	3
80	18	0	2	309.750077	309.750074	309.750069	309.750077	7.89941555e-06	3.66824801e-06	0	0	0	0	3
81	18	0	2.025	309.750077	309.750074	309.75007	309.750077	7.11845456e-06	3.63944688e-06	0	0	0	0	3
82	18	0	2.05	309.750077	309.750075	309.750071	309.750077	6.47345701e-06	3.60872385e-06	0	0	0	0	3
83	18	0	2.075	309.750077	309.750075	309.750071	309.750077	5.88922256e-06	3.5764671e-06	0	0	0	0	3
84	18	0	2.1	309.750077	309.750075	309.750072	309.750077	5.3343378e-06	3.54292617e-06	0	0	0	0	3
85	18	0	2.125	309.750078	309.750076	309.750073	309.750078	4.97665502e-06	3.50869705e-06	0	0	0	0	3
86	18	0	2.15	309.750078	309.750076	309.750073	309.750078	4.47846662e-06	3.47280375e-06	0	0	0	0	3
87	19	0	2.175	309.750078	309.750076	309.750074	309.750078	4.24345495e-06	3.43581825e-06	0	0	0	0	3
88	19	0	2.2	309.750078	309.750076	309.750074	309.750078	3.89272668e-06	3.39796416e-06	0	0	0	0	3
89	19	0	2.225	309.750078	309.750076	309.750074	309.750078	3.68619681e-06	3.35983095e-06	0	0	0	0	3
90	19	0	2.25	309.750078	309.750077	309.750075	309.750078	3.38101569e-06	3.32132445e-06	0	0	0	0	3
91	19	0	2.275	309.750078	309.750077	309.750075	309.750078	3.24237595e-06	3.28206719e-06	0	0	0	0	3
92	19	0	2.3	309.750078	309.750077	309.750075	309.750078	2.94431857e-06	3.24227011e-06	0	0	0	0	3
93	19	0	2.325	309.750078	309.750077	309.750076	309.750078	2.8094766e-06	3.2023183e-06	0	0	0	0	3
94	20	0	2.35	309.750078	309.750077	309.750076	309.750078	2.58848962e-06	3.16227459e-06	0	0	0	0	3
95	20	0	2.375	309.750078	309.750077	309.750076	309.750078	2.50049413e-06	3.12246003e-06	0	0	0	0	3
96	20	0	2.4	309.750078	309.750078	309.750076	309.750078	2.33146119e-06	3.09750078e-06	0	0	0	0	3
97	20	0	2.425	309.750079	309.750078	309.750076	309.750079	2.29564841e-06	3.09750079e-06	0	0	0	0	3
98	20	0	2.45	309.750079	309.750078	309.750077	309.750079	2.13013772e-06	3.09750079e-06	0	0	0	0	3
99	20	0	2.475	309.750079	309.750078	309.750077	309.750079	2.0482513e-06	3.09750079e-06	0	0	0	0	3
100	21	0	2.5	309.750079	309.750078	309.750077	309.750079	1.91167328e-06	3.09750079e-06	0	0	0	0	3
101	21	0	2.525	309.750079	309.750078	309.750077	309.750079	1.92132939e-06	3.09750079e-06	0	0	0	0	3
102	21	0	2.55	309.750079	309.750078	309.750077	309.750079	1.75193247e-06	3.09750079e-06	0	0	0	0	3
103	21	0	2.575	309.750079	309.750078	309.750077	309.750079	1.76904484e-06	3.09750079e-06	0	0	0	0	3
104	21	0	2.6	309.750079	309.750078	309.750077	309.750079	1.67196879e-06	3.09750079e-06	0	0	0	0	3
105	21	0	2.625	309.750079	309.750078	309.750078	309.750079	1.63133319e-06	3.09750079e-06	0	0	0	0	3
106	22	0	2.65	309.750079	309.750078	309.750078	309.750079	1.62218026e-06	3.09750079e-06	0	0	0	0	3
107	22	0	2.675	309.750079	309.750079	309.750078	309.750079	1.50795017e-06	3.09750079e-06	0	0	0	0	3
108	22	0	2.7	309.750079	309.750079	309.750078	309.750079	1.50795017e-06	3.09750079e-06	0	0	0	0	3
109	22	0	2.725	309.750079	309.750079	309.750078	309.750079	1.41844777e-06	3.09750079e-06	0	0	0	0	3
110	22	0	2.75	309.750079	309.750079	309.750078	309.750079	1.4343226e-06	3.09750079e-06	0	0	0	0	3
111	22	0	2.775	309.750079	309.750079	309.750078	309.750079	1.29326014e-06	3.09750079e-06	0	0	0	0	3
112	23	0	2.8	309.750079	309.750079	309.750078	309.750079	1.29326014e-06	3.09750079e-06	0	0	0	0	3
113	23	0	2.825	309.750079	309.750079	309.750078	309.750079	1.20978672e-06	3.09750079e-06	0	0	0	0	3
114	23	0	2.85	309.75008	309.750079	309.750078	309.75008	1.27301843e-06	3.0975008e-06	0	0	0	0	3
115	23	0	2.875	309.75008	309.750079	309.750078	309.75008	1.14293329e-06	3.0975008e-06	0	0	0	0	3
116	23	0	2.9	309.75008	309.750079	309.750078	309.75008	1.22072629e-06	3.0975008e-06	0	0	0	0	3
117	23	0	2.925	309.750079	309.750079	309.750079	309.75008	1.07059543e-06	3.09750079e-06	0	0	0	0	3
118	23	0	2.95	309.75008	309.750079	309.750079	309.75008	1.23262879e-06	3.0975008e-06	0	0	0	0	3
119	24	0	2.975	309.75008	309.750079	309.750079	309.75008	1.10591145e-06	3.0975008e-06	0	0	0	0	3
120	24	0	3	309.75008	309.750079	309.750079	309.75008	1.10591145e-06	3.0975008e-06	0	0	0	0	3
121	24	0	3.025	309.75008	309.750079	309.750079	309.75008	9.94373181e-07	3.0975008e-06	0	0	0	0	3
122	24	0	3.05	309.75008	309.750079	309.750079	309.75008	9.94373181e-07	3.0975008e-06	0	0	0	0	3
123	24	0	3.075	309.75008	309.750079	309.750079	309.75008	1.03339806e-06	3.0975008e-06	0	0	0	0	3
124	24	0	3.1	309.75008	309.750079	309.750079	309.75008	1.03339806e-06	3.0975008e-06	0	0	0	0	3
125	24	0	3.125	309.75008	309.75008	309.750079	309.75008	9.30243459e-07	3.0975008e-06	0	0	0	0	3
126	25	0	3.15	309.75008	309.75008	309.750079	309.75008	9.57774375e-07	3.0975008e-06	0	0	0	0	3
127	25	0	3.175	309.75008	309.75008	309.750079	309.75008	8.78711489e-07	3.0975008e-06	0	0	0	0	3
128	25	0	3.2	309.75008	309.75008	309.750079	309.75008	1.00013227e-06	3.0975008e-06	0	0	0	0	3
129	25	0	3.225	309.75008	309.75008	309.750079	309.75008	7.96077245e-07	3.0975008e-06	0	0	0	0	3
130	25	0	3.25	309.75008	309.75008	309.750079	309.75008	7.80202413e-07	3.0975008e-06	0	0	0	0	3
131	25	0	3.275	309.75008	309.75008	309.750079	309.75008	7.30317709e-07	3.0975008e-06	0	0	0	0	3
132	26	0	3.3	309.75008	309.75008	309.750079	309.75008	7.41527856e-07	3.0975008e-06	0	0	0	0	3
133	26	0	3.325	309.75008	309.75008	309.750079	309.75008	7.4188938e-07	3.0975008e-06	0	0	0	0	3
134	26	0	3.35	309.75008	309.75008	309.750079	309.75008	7.36844186e-07	3.0975008e-06	0	0	0	0	3
135	26	0	3.375	309.75008	309.75008	309.750079	309.75008	7.36844186e-07	3.0975008e-06	0	0	0	0	3
136	26	0	3.4	309.75008	309.75008	309.750079	309.75008	8.20025946e-07	3.0975008e-06	0	0	0	0	3
137	26	0	3.425	309.75008	309.75008	309.750079	309.75008	8.20025946e-07	3.0975008e-06	0	0	0	0	3
138	27	0	3.45	309.75008	309.75008	309.75008	309.75008	7.20851347e-07	3.0975008e-06	0	0	0	0	3
139	27	0	3.475	309.75008	309.75008	309.75008	309.75008	7.41123301e-07	3.0975008e-06	0	0	0	0	3
140	27	0	3.5	309.75008	309.75008	309.75008	309.75008	6.97897292e-07	3.0975008e-06	0	0	0	0	3
141	27	0	3.525	309.75008	309.75008	309.75008	309.75008	6.60765807e-07	3.0975008e-06	0	0	0	0	3
142	27	0	3.55	309.75008	309.75008	309.75008	309.75008	6.60765807e-07	3.0975008e-06	0	0	0	0	3
143	27	0	3.575	309.750081	309.75008	309.75008	309.750081	6.03648459e-07	3.09750081e-06	0	0	0	0	3
144	27	0	3.6	309.75008	309.75008	309.75008	309.750081	6.03648459e-07	3.0975008e-06	0	0	0	0	3
145	28	0	3.625	309.750081	309.75008	309.75008	309.750081	6.2696904e-07	3.09750081e-06	0	0	0	0	3
146	28	0	3.65	309.75008	309.75008	309.75008	309.750081	6.03889362e-07	3.0975008e-06	0	0	0	0	3
147	28	0	3.675	309.750081	309.75008	309.75008	309.750081	6.2691123e-07	3.09750081e-06	0	0	0	0	3
148	28	0	3.7	309.75008	309.75008	309.75008	309.750081	5.18439776e-07	3.0975008e-06	0	0	0	0	3
149	28	0	3.725	309.750081	309.75008	309.75008	309.750081	6.07618745e-07	3.09750081e-06	0	0	0	0	3
150	28	0	3.75	309.750081	309.75008	309.75008	309.750081	6.07618745e-07	3.09750081e-06	0	0	0	0	3
151	28	0	3.775	309.750081	309.75008	309.75008	309.750081	5.65030462e-07	3.09750081e-06	0	0	0	0	3
152	29	0	3.8	309.750081	309.75008	309.75008	309.750081	5.53820314e-07	3.09750081e-06	0	0	0	0	3
153	29	0	3.825	309.750081	309.75008	309.75008	309.750081	4.91910612e-07	3.09750081e-06	0	0	0	0	3
154	29	0	3.85	309.750081	309.75008	309.75008	309.750081	5.12707174e-07	3.09750081e-06	0	0	0	0	3
155	29	0	3.875	309.750081	309.75008	309.75008	309.750081	5.12707174e-07	3.09750081e-06	0	0	0	0	3
156	29	0	3.9	309.750081	309.750081	309.75008	309.750081	5.08375422e-07	3.09750081e-06	0	0	0	0	3
157	29	0	3.925	309.750081	309.750081	309.75008	309.750081	5.25633141e-07	3.09750081e-06	0	0	0	0	3
158	29	0	3.95	309.750081	309.750081	309.75008	309.750081	4.26663348e-07	3.09750081e-06	0	0	0	0	3
159	30	0	3.975	309.750081	309.750081	309.75008	309.750081	4.47106572e-07	3.09750081e-06	0	0	0	0	3
160	30	0	4	309.750081	309.750081	309.75008	309.750081	4.47106572e-07	3.09750081e-06	0	0	0	0	3
