Iteration	CPUTime	PhysTime	Travels	Value	AvValue	MinValue	MaxValue	Delta	Criteria	PrevAvRefValue	Progress	CriteriaType	CriteriaVarType	CriteriaPercentage
1	2	0	0.025	1.58137849e-08	1.58137849e-08	1.58137849e-08	1.58137849e-08	0	0	0	0	0	0	3
2	2	0	0.05	-1.67458604e-09	7.06959943e-09	-1.67458604e-09	1.58137849e-08	8.74418547e-09	0	0	0	0	0	3
3	2	0	0.075	-1.32165684e-09	4.272514e-09	-1.67458604e-09	1.58137849e-08	1.15412709e-08	0	0	0	0	0	3
4	3	0	0.1	2.26854776e-09	3.77152244e-09	-1.67458604e-09	1.58137849e-08	1.20422625e-08	0	0	0	0	0	3
5	3	0	0.125	1.47840946e-09	3.31289985e-09	-1.67458604e-09	1.58137849e-08	1.2500885e-08	0	0	0	0	0	3
6	3	0	0.15	-8.6355065e-11	2.74635736e-09	-1.67458604e-09	1.58137849e-08	1.30674275e-08	0	0	0	0	0	3
7	3	0	0.175	1.097602e-09	2.51082088e-09	-1.67458604e-09	1.58137849e-08	1.3302964e-08	0	0	0	0	0	3
8	4	0	0.2	1.92689653e-11	2.19937689e-09	-1.67458604e-09	1.58137849e-08	1.3614408e-08	0	0	0	0	0	3
9	4	0	0.225	-5.56159593e-11	1.94882213e-09	-1.67458604e-09	1.58137849e-08	1.38649628e-08	0	0	0	0	0	3
10	4	0	0.25	2.51158653e-10	1.77905578e-09	-1.67458604e-09	1.58137849e-08	1.40347291e-08	0	0	0	0	0	3
11	4	0	0.275	2.15734587e-10	1.63693567e-09	-1.67458604e-09	1.58137849e-08	1.41768492e-08	0	0	0	0	0	3
12	5	0	0.3	1.80270511e-10	1.51554691e-09	-1.67458604e-09	1.58137849e-08	1.4298238e-08	0	0	0	0	0	3
13	5	0	0.325	7.22182561e-11	1.40452163e-09	-1.67458604e-09	1.58137849e-08	1.44092633e-08	0	0	0	0	0	3
14	5	0	0.35	6.09444256e-10	1.34773039e-09	-1.67458604e-09	1.58137849e-08	1.44660545e-08	0	0	0	0	0	3
15	5	0	0.375	-1.64861669e-10	1.24689092e-09	-1.67458604e-09	1.58137849e-08	1.4566894e-08	0	0	0	0	0	3
16	6	0	0.4	7.08229389e-10	1.21322457e-09	-1.67458604e-09	1.58137849e-08	1.46005603e-08	0	0	0	0	0	3
17	6	0	0.425	7.29539676e-10	1.18477252e-09	-1.67458604e-09	1.58137849e-08	1.46290124e-08	0	0	0	0	0	3
18	6	0	0.45	5.98561621e-10	1.15220525e-09	-1.67458604e-09	1.58137849e-08	1.46615796e-08	0	0	0	0	0	3
19	6	0	0.475	8.96174118e-10	1.13872992e-09	-1.67458604e-09	1.58137849e-08	1.4675055e-08	0	0	0	0	0	3
20	7	0	0.5	8.07453414e-10	1.1221661e-09	-1.67458604e-09	1.58137849e-08	1.46916188e-08	0	0	0	0	0	3
21	7	0	0.525	4.39587023e-10	3.53456206e-10	-1.67458604e-09	2.26854776e-09	3.94313381e-09	0	0	0	0	0	3
22	7	0	0.55	4.60426721e-10	4.60206844e-10	-1.32165684e-09	2.26854776e-09	3.59020461e-09	0	0	0	0	0	3
23	7	0	0.575	3.96348958e-10	5.46107134e-10	-1.64861669e-10	2.26854776e-09	2.43340943e-09	0	0	0	0	0	3
24	8	0	0.6	4.59099207e-10	4.55634706e-10	-1.64861669e-10	1.47840946e-09	1.64327113e-09	0	0	0	0	0	3
25	8	0	0.625	4.86619506e-10	4.06045208e-10	-1.64861669e-10	1.097602e-09	1.26246367e-09	0	0	0	0	0	3
26	8	0	0.65	3.90929119e-10	4.29909418e-10	-1.64861669e-10	1.097602e-09	1.26246367e-09	0	0	0	0	0	3
27	8	0	0.675	4.92153482e-10	3.99636992e-10	-1.64861669e-10	8.96174118e-10	1.06103579e-09	0	0	0	0	0	3
28	9	0	0.7	1.9124782e-10	4.08235934e-10	-1.64861669e-10	8.96174118e-10	1.06103579e-09	0	0	0	0	0	3
29	9	0	0.725	7.60134889e-10	4.49023477e-10	-1.64861669e-10	8.96174118e-10	1.06103579e-09	0	0	0	0	0	3
30	9	0	0.75	7.6493097e-10	4.74712093e-10	-1.64861669e-10	8.96174118e-10	1.06103579e-09	0	0	0	0	0	3
31	10	0	0.775	8.16432807e-10	5.04747004e-10	-1.64861669e-10	8.96174118e-10	1.06103579e-09	0	0	0	0	0	3
32	10	0	0.8	3.85169997e-10	5.14991978e-10	-1.64861669e-10	8.96174118e-10	1.05106542e-09	0	0	0	0	0	3
33	10	0	0.825	3.71447786e-10	5.29953454e-10	-1.64861669e-10	8.96174118e-10	9.94274183e-10	0	0	0	0	0	3
34	10	0	0.85	8.13418261e-11	5.03548333e-10	-1.64861669e-10	8.96174118e-10	8.93434712e-10	0	0	0	0	0	3
35	11	0	0.875	6.31249459e-10	5.43353889e-10	8.13418261e-11	8.96174118e-10	8.14832292e-10	0	0	0	0	0	3
36	11	0	0.9	6.92893184e-10	5.42587079e-10	8.13418261e-11	8.96174118e-10	8.14832292e-10	0	0	0	0	0	3
37	11	0	0.925	6.32499591e-10	5.37735075e-10	8.13418261e-11	8.96174118e-10	7.98749042e-10	0	0	0	0	0	3
38	11	0	0.95	1.23704792e-09	5.6965939e-10	8.13418261e-11	1.23704792e-09	7.85273719e-10	0	0	0	0	0	3
39	12	0	0.975	6.12058824e-10	5.55453625e-10	8.13418261e-11	1.23704792e-09	7.68709894e-10	0	0	0	0	0	3
40	12	0	1	3.15743283e-10	5.30868119e-10	8.13418261e-11	1.23704792e-09	2.16203184e-10	0.00189441341	0	0	0	0	3
