Iteration	CPUTime	PhysTime	Travels	Value	AvValue	MinValue	MaxValue	Delta	Criteria	PrevAvRefValue	Progress	CriteriaType	CriteriaVarType	CriteriaPercentage
1	2	0	0.025	309.749953	309.749953	309.749953	309.749953	0	0	0	0	0	0	3
2	2	0	0.05	309.749987	309.74997	309.749953	309.749987	1.73792604e-05	0	0	0	0	0	3
3	2	0	0.075	309.749989	309.749976	309.749953	309.749989	2.35562759e-05	0	0	0	0	0	3
4	2	0	0.1	309.749989	309.749979	309.749953	309.749989	2.66615211e-05	0	0	0	0	0	3
5	3	0	0.125	309.749989	309.749981	309.749953	309.749989	2.85328339e-05	0	0	0	0	0	3
6	3	0	0.15	309.749989	309.749983	309.749953	309.749989	2.9835185e-05	0	0	0	0	0	3
7	3	0	0.175	309.749989	309.749983	309.749953	309.749989	3.07868252e-05	0	0	0	0	0	3
8	3	0	0.2	309.749989	309.749984	309.749953	309.749989	3.15192829e-05	0	0	0	0	0	3
9	4	0	0.225	309.749989	309.749985	309.749953	309.749989	3.20889094e-05	0	0	0	0	0	3
10	4	0	0.25	309.749989	309.749985	309.749953	309.749989	3.25604234e-05	0	0	0	0	0	3
11	4	0	0.275	309.74999	309.749986	309.749953	309.74999	3.297543e-05	0	0	0	0	0	3
12	4	0	0.3	309.74999	309.749986	309.749953	309.74999	3.3355983e-05	0	0	0	0	0	3
13	4	0	0.325	309.749991	309.749986	309.749953	309.749991	3.37133988e-05	0	0	0	0	0	3
14	5	0	0.35	309.749992	309.749987	309.749953	309.749992	3.40840448e-05	0	0	0	0	0	3
15	5	0	0.375	309.749992	309.749987	309.749953	309.749992	3.44511885e-05	0	0	0	0	0	3
16	5	0	0.4	309.749994	309.749988	309.749953	309.749994	3.48693982e-05	0	0	0	0	0	3
17	5	0	0.425	309.749995	309.749988	309.749953	309.749995	3.53324581e-05	0	0	0	0	0	3
18	6	0	0.45	309.749997	309.749989	309.749953	309.749997	3.583777e-05	0	0	0	0	0	3
19	6	0	0.475	309.749999	309.749989	309.749953	309.749999	3.63837536e-05	0	0	0	0	0	3
20	6	0	0.5	309.750001	309.74999	309.749953	309.750001	3.69788876e-05	0	0	0	0	0	3
21	6	0	0.525	309.750004	309.749992	309.749987	309.750004	1.67363689e-05	0	0	0	0	0	3
22	7	0	0.55	309.750008	309.749993	309.749989	309.750008	1.70006008e-05	0	0	0	0	0	3
23	7	0	0.575	309.750011	309.749994	309.749989	309.750011	1.50265055e-05	0	0	0	0	0	3
24	7	0	0.6	309.750015	309.749996	309.749989	309.750015	1.44672338e-05	0	0	0	0	0	3
25	7	0	0.625	309.750018	309.749997	309.749989	309.750018	1.46531404e-05	0	0	0	0	0	3
26	7	0	0.65	309.750024	309.749999	309.749989	309.750024	1.5471306e-05	0	0	0	0	0	3
27	8	0	0.675	309.75003	309.750001	309.749989	309.75003	1.67958821e-05	0	0	0	0	0	3
28	8	0	0.7	309.750036	309.750003	309.749989	309.750036	1.85625596e-05	0	0	0	0	0	3
29	8	0	0.725	309.750042	309.750006	309.749989	309.750042	2.07260426e-05	0	0	0	0	0	3
30	8	0	0.75	309.750048	309.750009	309.74999	309.750048	2.32286621e-05	0	0	0	0	0	3
31	9	0	0.775	309.750056	309.750012	309.74999	309.750056	2.61620422e-05	0	0	0	0	0	3
32	9	0	0.8	309.750064	309.750016	309.749991	309.750064	2.95120012e-05	0	0	0	0	0	3
33	9	0	0.825	309.750072	309.75002	309.749992	309.750072	3.32059018e-05	0	0	0	0	0	3
34	9	0	0.85	309.750079	309.750024	309.749992	309.750079	3.72173357e-05	0	0	0	0	0	3
35	10	0	0.875	309.750086	309.750029	309.749994	309.750086	4.14949567e-05	0	0	0	0	0	3
36	10	0	0.9	309.750096	309.750034	309.749995	309.750096	4.61278065e-05	0	0	0	0	0	3
37	10	0	0.925	309.750104	309.75004	309.749997	309.750104	5.10649343e-05	0	0	0	0	0	3
38	10	0	0.95	309.750112	309.750045	309.749999	309.750112	5.62856201e-05	0	0	0	0	0	3
39	11	0	0.975	309.75012	309.750051	309.750001	309.75012	6.17382057e-05	0	0	0	0	0	3
40	11	0	1	309.750127	309.750058	309.750004	309.750127	6.5445413e-05	8.64692616e-06	0	0	0	0	3
41	11	0	1.025	309.750136	309.750064	309.750008	309.750136	7.10146073e-05	9.21193412e-06	0	0	0	0	3
42	11	0	1.05	309.750144	309.750071	309.750011	309.750144	7.66913706e-05	9.46373268e-06	0	0	0	0	3
43	11	0	1.075	309.750151	309.750078	309.750015	309.750151	8.23697247e-05	9.69996391e-06	0	0	0	0	3
44	12	0	1.1	309.750157	309.750082	309.750015	309.750157	8.61487338e-05	9.91749174e-06	0	0	0	0	3
45	12	0	1.125	309.750164	309.750089	309.750018	309.750164	9.17477994e-05	1.01231161e-05	0	0	0	0	3
46	12	0	1.15	309.750172	309.750096	309.750024	309.750172	9.72711756e-05	1.03425674e-05	0	0	0	0	3
47	12	0	1.175	309.750179	309.750104	309.75003	309.750179	0.00010257839	1.05646776e-05	0	0	0	0	3
48	12	0	1.2	309.750185	309.750111	309.750036	309.750185	0.000107621781	1.0778793e-05	0	0	0	0	3
49	13	0	1.225	309.750191	309.750118	309.750042	309.750191	0.000112375589	1.09865837e-05	0	0	0	0	3
50	13	0	1.25	309.750196	309.750126	309.750048	309.750196	0.000116790632	1.11818637e-05	0	0	0	0	3
51	13	0	1.275	309.750203	309.750133	309.750056	309.750203	0.000120861953	1.13791927e-05	0	0	0	0	3
52	13	0	1.3	309.750209	309.75014	309.750064	309.750209	0.000124418198	1.15711832e-05	0	0	0	0	3
53	13	0	1.325	309.750214	309.750147	309.750072	309.750214	0.000127484562	1.17579176e-05	0	0	0	0	3
54	13	0	1.35	309.750219	309.750154	309.750079	309.750219	0.000130086374	1.193383e-05	0	0	0	0	3
55	13	0	1.375	309.750223	309.750161	309.750086	309.750223	0.00013223853	1.21017895e-05	0	0	0	0	3
56	14	0	1.4	309.750228	309.750168	309.750096	309.750228	0.000132280557	1.22624914e-05	0	0	0	0	3
57	14	0	1.425	309.750233	309.750175	309.750104	309.750233	0.000128641422	1.24164176e-05	0	0	0	0	3
58	14	0	1.45	309.750237	309.750181	309.750112	309.750237	0.000124264003	1.25605753e-05	0	0	0	0	3
59	14	0	1.475	309.75024	309.750187	309.75012	309.75024	0.000120414826	1.26954011e-05	0	0	0	0	3
60	14	0	1.5	309.750243	309.750193	309.750127	309.750243	0.000116840142	1.28202213e-05	0	0	0	0	3
61	14	0	1.525	309.750246	309.750199	309.750136	309.750246	0.000110755101	1.29323325e-05	0	0	0	0	3
62	15	0	1.55	309.750249	309.750204	309.750144	309.750249	0.000105733109	1.30333619e-05	0	0	0	0	3
63	15	0	1.575	309.750251	309.750209	309.750151	309.750251	0.000100381897	1.3120971e-05	0	0	0	0	3
64	15	0	1.6	309.750254	309.750214	309.750157	309.750254	9.66916119e-05	1.3198702e-05	0	0	0	0	3
65	15	0	1.625	309.750256	309.750219	309.750164	309.750256	9.19122131e-05	1.32651481e-05	0	0	0	0	3
66	15	0	1.65	309.750258	309.750223	309.750172	309.750258	8.599192e-05	1.33168637e-05	0	0	0	0	3
67	15	0	1.675	309.750259	309.750227	309.750179	309.750259	7.98464663e-05	1.33541033e-05	0	0	0	0	3
68	16	0	1.7	309.750261	309.750231	309.750185	309.750261	7.53979248e-05	1.33798108e-05	0	0	0	0	3
69	16	0	1.725	309.750262	309.750235	309.750191	309.750262	7.0348574e-05	1.33927357e-05	0	0	0	0	3
70	16	0	1.75	309.750263	309.750238	309.750196	309.750263	6.70568054e-05	1.3395802e-05	0	0	0	0	3
71	16	0	1.775	309.750264	309.750241	309.750203	309.750264	6.08823273e-05	1.33834984e-05	0	0	0	0	3
72	16	0	1.8	309.750265	309.750244	309.750209	309.750265	5.6555478e-05	1.33584173e-05	0	0	0	0	3
73	16	0	1.825	309.750266	309.750247	309.750214	309.750266	5.17062728e-05	1.33216529e-05	0	0	0	0	3
74	16	0	1.85	309.750267	309.75025	309.750219	309.750267	4.81680051e-05	1.32754861e-05	0	0	0	0	3
75	17	0	1.875	309.750267	309.750252	309.750223	309.750267	4.43671561e-05	1.32204393e-05	0	0	0	0	3
76	17	0	1.9	309.750268	309.750254	309.750228	309.750268	4.03183141e-05	1.31535845e-05	0	0	0	0	3
77	17	0	1.925	309.750269	309.750256	309.750233	309.750269	3.60643972e-05	1.30769781e-05	0	0	0	0	3
78	17	0	1.95	309.750269	309.750258	309.750237	309.750269	3.24733568e-05	1.29912658e-05	0	0	0	0	3
79	17	0	1.975	309.75027	309.750259	309.75024	309.75027	3.02160255e-05	1.29001391e-05	0	0	0	0	3
80	17	0	2	309.75027	309.750261	309.750243	309.75027	2.70310898e-05	1.28029811e-05	0	0	0	0	3
81	17	0	2.025	309.750272	309.750262	309.750246	309.750272	2.51964133e-05	1.26984604e-05	0	0	0	0	3
82	18	0	2.05	309.750271	309.750263	309.750249	309.750272	2.21804003e-05	1.25869266e-05	0	0	0	0	3
83	18	0	2.075	309.750272	309.750264	309.750251	309.750272	2.08912728e-05	1.24709052e-05	0	0	0	0	3
84	18	0	2.1	309.750272	309.750265	309.750254	309.750272	1.81937824e-05	1.23510619e-05	0	0	0	0	3
85	18	0	2.125	309.750273	309.750266	309.750256	309.750273	1.76074296e-05	1.22290744e-05	0	0	0	0	3
86	18	0	2.15	309.750273	309.750267	309.750258	309.750273	1.56395351e-05	1.2101647e-05	0	0	0	0	3
87	18	0	2.175	309.750274	309.750268	309.750259	309.750274	1.49807627e-05	1.19705718e-05	0	0	0	0	3
88	18	0	2.2	309.750273	309.750269	309.750261	309.750274	1.32106291e-05	1.18368412e-05	0	0	0	0	3
89	19	0	2.225	309.750275	309.750269	309.750262	309.750275	1.30377062e-05	1.17018918e-05	0	0	0	0	3
90	19	0	2.25	309.750274	309.75027	309.750263	309.750275	1.1535042e-05	1.15663327e-05	0	0	0	0	3
91	19	0	2.275	309.750275	309.750271	309.750264	309.750275	1.13981441e-05	1.14283362e-05	0	0	0	0	3
92	19	0	2.3	309.750275	309.750271	309.750265	309.750275	1.00317237e-05	1.12887879e-05	0	0	0	0	3
93	19	0	2.325	309.750276	309.750272	309.750266	309.750276	1.00204378e-05	1.11487598e-05	0	0	0	0	3
94	20	0	2.35	309.750275	309.750272	309.750267	309.750276	9.11588256e-06	1.10087634e-05	0	0	0	0	3
95	20	0	2.375	309.750277	309.750272	309.750267	309.750277	9.15888461e-06	1.0869577e-05	0	0	0	0	3
96	20	0	2.4	309.750276	309.750273	309.750268	309.750277	8.14815564e-06	1.0729701e-05	0	0	0	0	3
97	20	0	2.425	309.750277	309.750273	309.750269	309.750277	8.12267507e-06	1.05900292e-05	0	0	0	0	3
98	20	0	2.45	309.750276	309.750274	309.750269	309.750277	7.91988055e-06	1.04510756e-05	0	0	0	0	3
99	20	0	2.475	309.750278	309.750274	309.75027	309.750278	7.40254995e-06	1.03135917e-05	0	0	0	0	3
100	20	0	2.5	309.750276	309.750274	309.75027	309.750278	7.40254995e-06	1.01773649e-05	0	0	0	0	3
101	21	0	2.525	309.750278	309.750275	309.750271	309.750278	6.77080612e-06	1.00430621e-05	0	0	0	0	3
102	21	0	2.55	309.750277	309.750275	309.750271	309.750278	6.77080612e-06	9.91004404e-06	0	0	0	0	3
103	21	0	2.575	309.750278	309.750275	309.750272	309.750278	6.10386701e-06	9.77948261e-06	0	0	0	0	3
104	21	0	2.6	309.750277	309.750275	309.750272	309.750278	6.10386701e-06	9.65036055e-06	0	0	0	0	3
105	21	0	2.625	309.750279	309.750276	309.750273	309.750279	6.07907481e-06	9.52443402e-06	0	0	0	0	3
106	21	0	2.65	309.750277	309.750276	309.750273	309.750279	6.07907481e-06	9.40045537e-06	0	0	0	0	3
107	22	0	2.675	309.750279	309.750276	309.750273	309.750279	5.97462247e-06	9.27931149e-06	0	0	0	0	3
108	22	0	2.7	309.750278	309.750276	309.750273	309.750279	5.97462247e-06	9.16009975e-06	0	0	0	0	3
109	22	0	2.725	309.75028	309.750277	309.750274	309.75028	5.49889756e-06	9.04364059e-06	0	0	0	0	3
110	22	0	2.75	309.750278	309.750277	309.750274	309.75028	5.49889756e-06	8.92916391e-06	0	0	0	0	3
111	22	0	2.775	309.750279	309.750277	309.750275	309.75028	4.75459706e-06	8.81725847e-06	0	0	0	0	3
112	22	0	2.8	309.750279	309.750277	309.750275	309.75028	4.75459706e-06	8.70727251e-06	0	0	0	0	3
113	22	0	2.825	309.75028	309.750278	309.750275	309.75028	4.29283932e-06	8.64692616e-06	0	0	0	0	3
114	23	0	2.85	309.750279	309.750278	309.750275	309.75028	4.29283932e-06	8.64692616e-06	0	0	0	0	3
115	23	0	2.875	309.75028	309.750278	309.750276	309.75028	4.06033655e-06	8.64692616e-06	0	0	0	0	3
116	23	0	2.9	309.75028	309.750278	309.750276	309.75028	4.06033655e-06	8.64692616e-06	0	0	0	0	3
117	23	0	2.925	309.75028	309.750278	309.750276	309.75028	3.87989235e-06	8.64692616e-06	0	0	0	0	3
118	23	0	2.95	309.75028	309.750278	309.750276	309.75028	3.96994403e-06	8.64692616e-06	0	0	0	0	3
119	23	0	2.975	309.75028	309.750279	309.750276	309.75028	3.70820379e-06	8.64692616e-06	0	0	0	0	3
120	23	0	3	309.75028	309.750279	309.750276	309.75028	4.11262818e-06	8.64692616e-06	0	0	0	0	3
121	24	0	3.025	309.75028	309.750279	309.750277	309.75028	3.86444742e-06	8.64692616e-06	0	0	0	0	3
122	24	0	3.05	309.750281	309.750279	309.750277	309.750281	4.15853719e-06	8.64692616e-06	0	0	0	0	3
123	24	0	3.075	309.75028	309.750279	309.750277	309.750281	3.89795343e-06	8.64692616e-06	0	0	0	0	3
124	24	0	3.1	309.750281	309.750279	309.750277	309.750281	3.91721608e-06	8.64692616e-06	0	0	0	0	3
125	24	0	3.125	309.750281	309.75028	309.750277	309.750281	3.7748423e-06	8.64692616e-06	0	0	0	0	3
126	24	0	3.15	309.750281	309.75028	309.750277	309.750281	3.69697943e-06	8.64692616e-06	0	0	0	0	3
127	25	0	3.175	309.750281	309.75028	309.750278	309.750281	3.55375749e-06	8.64692616e-06	0	0	0	0	3
128	25	0	3.2	309.750281	309.75028	309.750278	309.750281	3.48689298e-06	8.64692616e-06	0	0	0	0	3
129	25	0	3.225	309.750281	309.75028	309.750278	309.750281	3.1375742e-06	8.64692616e-06	0	0	0	0	3
130	25	0	3.25	309.750281	309.75028	309.750278	309.750281	3.21978865e-06	8.64692616e-06	0	0	0	0	3
131	25	0	3.275	309.750282	309.75028	309.750279	309.750282	2.89128815e-06	8.64692616e-06	0	0	0	0	3
132	25	0	3.3	309.750282	309.75028	309.750279	309.750282	2.89128815e-06	8.64692616e-06	0	0	0	0	3
133	25	0	3.325	309.750282	309.750281	309.750279	309.750282	2.63611099e-06	8.64692616e-06	0	0	0	0	3
134	25	0	3.35	309.750282	309.750281	309.750279	309.750282	2.65067899e-06	8.64692616e-06	0	0	0	0	3
135	26	0	3.375	309.750282	309.750281	309.75028	309.750282	2.31222936e-06	8.64692616e-06	0	0	0	0	3
136	26	0	3.4	309.750282	309.750281	309.75028	309.750282	2.41550242e-06	8.64692616e-06	0	0	0	0	3
137	26	0	3.425	309.750282	309.750281	309.75028	309.750282	2.08290521e-06	8.64692616e-06	0	0	0	0	3
138	26	0	3.45	309.750282	309.750281	309.75028	309.750282	2.33735443e-06	8.64692616e-06	0	0	0	0	3
139	26	0	3.475	309.750282	309.750281	309.75028	309.750282	2.33735443e-06	8.64692616e-06	0	0	0	0	3
140	26	0	3.5	309.750283	309.750281	309.75028	309.750283	2.65307506e-06	8.64692616e-06	0	0	0	0	3
141	27	0	3.525	309.750283	309.750282	309.75028	309.750283	2.57428599e-06	8.64692616e-06	0	0	0	0	3
142	27	0	3.55	309.750283	309.750282	309.75028	309.750283	2.47890341e-06	8.64692616e-06	0	0	0	0	3
143	27	0	3.575	309.750283	309.750282	309.75028	309.750283	2.47890341e-06	8.64692616e-06	0	0	0	0	3
144	27	0	3.6	309.750282	309.750282	309.750281	309.750283	2.11819662e-06	8.64692616e-06	0	0	0	0	3
145	27	0	3.625	309.750283	309.750282	309.750281	309.750283	2.38618134e-06	8.64692616e-06	0	0	0	0	3
146	27	0	3.65	309.750282	309.750282	309.750281	309.750283	2.1619299e-06	8.64692616e-06	0	0	0	0	3
147	27	0	3.675	309.750283	309.750282	309.750281	309.750283	2.26209028e-06	8.64692616e-06	0	0	0	0	3
148	28	0	3.7	309.750282	309.750282	309.750281	309.750283	2.08915577e-06	8.64692616e-06	0	0	0	0	3
149	28	0	3.725	309.750284	309.750282	309.750281	309.750284	2.16461359e-06	8.64692616e-06	0	0	0	0	3
150	28	0	3.75	309.750282	309.750282	309.750281	309.750284	2.01911155e-06	8.64692616e-06	0	0	0	0	3
151	28	0	3.775	309.750284	309.750282	309.750282	309.750284	1.97588798e-06	8.64692616e-06	0	0	0	0	3
152	28	0	3.8	309.750283	309.750282	309.750282	309.750284	1.97588798e-06	8.64692616e-06	0	0	0	0	3
153	28	0	3.825	309.750284	309.750283	309.750282	309.750284	1.71120291e-06	8.64692616e-06	0	0	0	0	3
154	28	0	3.85	309.750283	309.750283	309.750282	309.750284	1.71120291e-06	8.64692616e-06	0	0	0	0	3
155	29	0	3.875	309.750284	309.750283	309.750282	309.750284	1.8612381e-06	8.64692616e-06	0	0	0	0	3
156	29	0	3.9	309.750283	309.750283	309.750282	309.750284	1.81120379e-06	8.64692616e-06	0	0	0	0	3
157	29	0	3.925	309.750284	309.750283	309.750282	309.750284	1.8048803e-06	8.64692616e-06	0	0	0	0	3
158	29	0	3.95	309.750283	309.750283	309.750282	309.750284	1.76207584e-06	8.64692616e-06	0	0	0	0	3
159	29	0	3.975	309.750284	309.750283	309.750282	309.750284	1.76183806e-06	8.64692616e-06	0	0	0	0	3
160	30	0	4	309.750283	309.750283	309.750282	309.750284	1.68659267e-06	8.64692616e-06	0	0	0	0	3
