Iteration	CPUTime	PhysTime	Travels	Value	AvValue	MinValue	MaxValue	Delta	Criteria	PrevAvRefValue	Progress	CriteriaType	CriteriaVarType	CriteriaPercentage
1	2	0	0.025	16031.5274	16031.5274	16031.5274	16031.5274	0	0	0	0	0	0	3
2	2	0	0.05	16008.7038	16020.1156	16008.7038	16031.5274	11.4117669	0	0	0	0	0	3
3	3	0	0.075	16007.9306	16016.0539	16007.9306	16031.5274	15.4734379	0	0	0	0	0	3
4	3	0	0.1	16007.9236	16014.0214	16007.9236	16031.5274	17.5060268	0	0	0	0	0	3
5	3	0	0.125	16007.828	16012.7827	16007.828	16031.5274	18.744689	0	0	0	0	0	3
6	3	0	0.15	16007.6489	16011.9271	16007.6489	16031.5274	19.6003252	0	0	0	0	0	3
7	4	0	0.175	16007.6474	16011.3157	16007.6474	16031.5274	20.2117077	0	0	0	0	0	3
8	4	0	0.2	16007.5797	16010.8487	16007.5797	16031.5274	20.6787081	0	0	0	0	0	3
9	4	0	0.225	16007.5969	16010.4874	16007.5797	16031.5274	21.0400142	0	0	0	0	0	3
10	4	0	0.25	16007.5547	16010.1941	16007.5547	16031.5274	21.3332847	0	0	0	0	0	3
11	5	0	0.275	16007.5661	16009.9552	16007.5547	16031.5274	21.5721948	0	0	0	0	0	3
12	5	0	0.3	16007.5134	16009.7517	16007.5134	16031.5274	21.7756782	0	0	0	0	0	3
13	5	0	0.325	16007.5472	16009.5821	16007.5134	16031.5274	21.9452547	0	0	0	0	0	3
14	6	0	0.35	16007.358	16009.4233	16007.358	16031.5274	22.1041175	0	0	0	0	0	3
15	6	0	0.375	16007.3315	16009.2838	16007.3315	16031.5274	22.2435711	0	0	0	0	0	3
16	7	0	0.4	16007.2544	16009.157	16007.2544	16031.5274	22.3704082	0	0	0	0	0	3
17	7	0	0.425	16007.2265	16009.0434	16007.2265	16031.5274	22.4839656	0	0	0	0	0	3
18	7	0	0.45	16007.3177	16008.9475	16007.2265	16031.5274	22.5798412	0	0	0	0	0	3
19	7	0	0.475	16007.2821	16008.8599	16007.2265	16031.5274	22.667497	0	0	0	0	0	3
20	8	0	0.5	16007.2591	16008.7798	16007.2265	16031.5274	22.7475378	0	0	0	0	0	3
21	8	0	0.525	16007.2687	16007.5669	16007.2265	16008.7038	1.47734913	0	0	0	0	0	3
22	8	0	0.55	16007.203	16007.4919	16007.203	16007.9306	0.727579396	0	0	0	0	0	3
23	9	0	0.575	16007.1812	16007.4544	16007.1812	16007.9236	0.742407427	0	0	0	0	0	3
24	9	0	0.6	16007.2437	16007.4204	16007.1812	16007.828	0.646862747	0	0	0	0	0	3
25	9	0	0.625	16007.2406	16007.391	16007.1812	16007.6489	0.467694333	0	0	0	0	0	3
26	10	0	0.65	16007.2175	16007.3695	16007.1812	16007.6474	0.466198258	0	0	0	0	0	3
27	10	0	0.675	16007.2418	16007.3492	16007.1812	16007.5969	0.415737646	0	0	0	0	0	3
28	10	0	0.7	16007.2133	16007.3309	16007.1812	16007.5969	0.415737646	0	0	0	0	0	3
29	10	0	0.725	16007.2098	16007.3115	16007.1812	16007.5661	0.384905453	0	0	0	0	0	3
30	11	0	0.75	16007.1642	16007.292	16007.1642	16007.5661	0.401857007	0	0	0	0	0	3
31	11	0	0.775	16007.0948	16007.2684	16007.0948	16007.5472	0.452387104	0	0	0	0	0	3
32	11	0	0.8	16007.0496	16007.2452	16007.0496	16007.5472	0.497582563	0	0	0	0	0	3
33	12	0	0.825	16007.1157	16007.2237	16007.0496	16007.358	0.308421688	0	0	0	0	0	3
34	12	0	0.85	16007.0549	16007.2085	16007.0496	16007.3315	0.281833415	0	0	0	0	0	3
35	12	0	0.875	16007.0935	16007.1966	16007.0496	16007.3177	0.268029188	0	0	0	0	0	3
36	12	0	0.9	16007.1342	16007.1906	16007.0496	16007.3177	0.268029188	0	0	0	0	0	3
37	13	0	0.925	16007.0816	16007.1833	16007.0496	16007.3177	0.268029188	0	0	0	0	0	3
38	13	0	0.95	16007.1522	16007.1751	16007.0496	16007.2821	0.232454182	0	0	0	0	0	3
39	13	0	0.975	16007.1218	16007.1671	16007.0496	16007.2687	0.219042377	0	0	0	0	0	3
40	14	0	1	16007.0301	16007.1556	16007.0301	16007.2687	0.238548973	0.0564169909	0	0	0	0	3
41	14	0	1.025	16007.2619	16007.1553	16007.0301	16007.2619	0.231815553	0.0564169909	0	0	0	0	3
42	14	0	1.05	16006.9645	16007.1433	16006.9645	16007.2619	0.297473649	0.0584737964	0	0	0	0	3
43	14	0	1.075	16006.978	16007.1332	16006.9645	16007.2619	0.287216396	0.059012937	0	0	0	0	3
44	14	0	1.1	16007.0156	16007.1276	16006.9645	16007.2619	0.292816841	0.0577859909	0	0	0	0	3
45	15	0	1.125	16006.9052	16007.1115	16006.9052	16007.2619	0.279565902	0.0564169909	0	0	0	0	3
46	15	0	1.15	16006.9913	16007.0996	16006.9052	16007.2619	0.269872361	0.0564169909	0	0	0	0	3
47	15	0	1.175	16007.0477	16007.0915	16006.9052	16007.2619	0.257677726	0.0564169909	0	0	0	0	3
48	15	0	1.2	16006.8577	16007.0732	16006.8577	16007.2619	0.25764516	0.0564169909	0	0	0	0	3
49	16	0	1.225	16006.9287	16007.0597	16006.8577	16007.2619	0.251837216	0.0564169909	0	0	0	0	3
50	16	0	1.25	16007.0481	16007.052	16006.8577	16007.2619	0.240014926	0.0564169909	0	0	0	0	3
51	16	0	1.275	16006.9575	16007.0421	16006.8577	16007.2619	0.226295876	0.0564169909	0	0	0	0	3
52	16	0	1.3	16006.9926	16007.0373	16006.8577	16007.2619	0.207976916	0.0564169909	0	0	0	0	3
53	16	0	1.325	16006.9304	16007.0316	16006.8577	16007.2619	0.192077175	0.0564169909	0	0	0	0	3
54	17	0	1.35	16007.0913	16007.0304	16006.8577	16007.2619	0.178081265	0.0564169909	0	0	0	0	3
55	17	0	1.375	16006.9577	16007.0258	16006.8577	16007.2619	0.170808997	0.0564169909	0	0	0	0	3
56	17	0	1.4	16006.9763	16007.0202	16006.8577	16007.2619	0.170373536	0.0564169909	0	0	0	0	3
57	17	0	1.425	16006.9019	16007.0092	16006.8577	16007.2619	0.174186339	0.0564169909	0	0	0	0	3
58	17	0	1.45	16007.0371	16007.007	16006.8577	16007.2619	0.168030692	0.0564169909	0	0	0	0	3
59	18	0	1.475	16006.9075	16006.9954	16006.8577	16007.2619	0.171668205	0.0564169909	0	0	0	0	3
60	18	0	1.5	16006.9241	16006.986	16006.8577	16007.2619	0.169634289	0.0564169909	0	0	0	0	3
61	18	0	1.525	16006.922	16006.9808	16006.8577	16007.2619	0.174447854	0.0564169909	0	0	0	0	3
62	18	0	1.55	16006.918	16006.9644	16006.8577	16007.0913	0.17889643	0.0564169909	0	0	0	0	3
63	18	0	1.575	16006.842	16006.9586	16006.842	16007.0913	0.174571633	0.0564169909	0	0	0	0	3
64	18	0	1.6	16006.8676	16006.9534	16006.842	16007.0913	0.174231936	0.0564169909	0	0	0	0	3
65	18	0	1.625	16006.8391	16006.9449	16006.8391	16007.0913	0.166515381	0.0564169909	0	0	0	0	3
66	19	0	1.65	16006.8414	16006.9419	16006.8391	16007.0913	0.157678478	0.0564169909	0	0	0	0	3
67	19	0	1.675	16006.8322	16006.9343	16006.8322	16007.0913	0.15717038	0.0564169909	0	0	0	0	3
68	19	0	1.7	16006.8814	16006.9264	16006.8322	16007.0913	0.146804262	0.0564169909	0	0	0	0	3
69	19	0	1.725	16006.9051	16006.9287	16006.8322	16007.0913	0.133255228	0.0564169909	0	0	0	0	3
70	19	0	1.75	16006.8331	16006.9241	16006.8322	16007.0913	0.12785246	0.0564169909	0	0	0	0	3
71	19	0	1.775	16006.8259	16006.9135	16006.8259	16007.0913	0.128587146	0.0564169909	0	0	0	0	3
72	20	0	1.8	16006.9982	16006.9155	16006.8259	16007.0913	0.123718135	0.0564169909	0	0	0	0	3
73	20	0	1.825	16006.749	16006.9039	16006.749	16007.0913	0.127699824	0.0564169909	0	0	0	0	3
74	20	0	1.85	16006.9764	16006.9061	16006.749	16007.0913	0.126537094	0.0564169909	0	0	0	0	3
75	20	0	1.875	16006.8329	16006.8938	16006.749	16007.0371	0.132025175	0.0564169909	0	0	0	0	3
76	20	0	1.9	16006.9035	16006.8912	16006.749	16007.0371	0.129027672	0.0564169909	0	0	0	0	3
77	20	0	1.925	16006.9274	16006.8889	16006.749	16007.0371	0.120299755	0.0564169909	0	0	0	0	3
78	21	0	1.95	16006.7298	16006.8807	16006.7298	16007.0371	0.126378846	0.0564169909	0	0	0	0	3
79	21	0	1.975	16006.9188	16006.875	16006.7298	16006.9982	0.120362614	0.0564169909	0	0	0	0	3
80	21	0	2	16006.7895	16006.8694	16006.7298	16006.9982	0.116568057	0.0564169909	0	0	0	0	3
81	21	0	2.025	16006.8949	16006.868	16006.7298	16006.9982	0.112807491	0.0564169909	0	0	0	0	3
82	21	0	2.05	16006.7218	16006.8585	16006.7218	16006.9982	0.105962769	0.0564169909	0	0	0	0	3
83	21	0	2.075	16006.7833	16006.8521	16006.7218	16006.9982	0.106548566	0.0564169909	0	0	0	0	3
84	22	0	2.1	16006.865	16006.8532	16006.7218	16006.9982	0.101287818	0.0564169909	0	0	0	0	3
85	22	0	2.125	16006.8389	16006.8518	16006.7218	16006.9982	0.0931560753	0.0564169909	0	0	0	0	3
86	22	0	2.15	16006.7815	16006.849	16006.7218	16006.9982	0.092864141	0.0564169909	0	0	0	0	3
87	22	0	2.175	16006.7525	16006.8448	16006.7218	16006.9982	0.0895211371	0.0564169909	0	0	0	0	3
88	22	0	2.2	16006.8241	16006.8444	16006.7218	16006.9982	0.0842432187	0.0564169909	0	0	0	0	3
89	22	0	2.225	16006.7429	16006.8378	16006.7218	16006.9982	0.090839122	0.0564169909	0	0	0	0	3
90	23	0	2.25	16006.8476	16006.8351	16006.7218	16006.9982	0.08902322	0.0564169909	0	0	0	0	3
91	23	0	2.275	16006.7522	16006.8312	16006.7218	16006.9982	0.0842395025	0.0564169909	0	0	0	0	3
92	23	0	2.3	16006.8371	16006.8318	16006.7218	16006.9982	0.0842395025	0.0564169909	0	0	0	0	3
93	23	0	2.325	16006.6613	16006.8157	16006.6613	16006.9764	0.0903414228	0.0564169909	0	0	0	0	3
94	23	0	2.35	16006.9238	16006.824	16006.6613	16006.9764	0.0903414228	0.0564169909	0	0	0	0	3
95	24	0	2.375	16006.6556	16006.8088	16006.6556	16006.9274	0.0849925032	0.0564169909	0	0	0	0	3
96	24	0	2.4	16006.8723	16006.8106	16006.6556	16006.9274	0.0824125943	0.0564169909	0	0	0	0	3
97	24	0	2.425	16006.6141	16006.7969	16006.6141	16006.9274	0.0919905833	0.0564169909	0	0	0	0	3
98	24	0	2.45	16006.9064	16006.7959	16006.6141	16006.9238	0.0847917724	0.0564169909	0	0	0	0	3
99	24	0	2.475	16006.654	16006.7923	16006.6141	16006.9238	0.0827643584	0.0564169909	0	0	0	0	3
100	24	0	2.5	16007.0034	16006.7963	16006.6141	16007.0034	0.0771454614	0.0564169909	0	0	0	0	3
101	25	0	2.525	16006.6309	16006.7887	16006.6141	16007.0034	0.0792758456	0.0564169909	0	0	0	0	3
102	25	0	2.55	16006.8341	16006.7858	16006.6141	16007.0034	0.0726373393	0.0564169909	0	0	0	0	3
103	25	0	2.575	16006.8602	16006.7924	16006.6141	16007.0034	0.0673135481	0.0564169909	0	0	0	0	3
104	25	0	2.6	16006.783	16006.7924	16006.6141	16007.0034	0.0673135481	0.0564169909	0	0	0	0	3
105	25	0	2.625	16006.7638	16006.7876	16006.6141	16007.0034	0.0659493142	0.0564169909	0	0	0	0	3
106	25	0	2.65	16006.8051	16006.786	16006.6141	16007.0034	0.0632049624	0.0564169909	0	0	0	0	3
107	26	0	2.675	16006.8116	16006.7874	16006.6141	16007.0034	0.0589701886	0.0564169909	0	0	0	0	3
108	26	0	2.7	16006.8671	16006.7929	16006.6141	16007.0034	0.058583464	0.0564169909	0	0	0	0	3
109	26	0	2.725	16006.8601	16006.7946	16006.6141	16007.0034	0.0519875608	0.0564169909	0	0	0	0	3
110	26	0	2.75	16006.616	16006.7886	16006.6141	16007.0034	0.0492505861	0.0564169909	0	0	0	0	3
111	26	0	2.775	16007.094	16006.8003	16006.6141	16007.094	0.0459260326	0.0564169909	0	0	0	0	3
112	26	0	2.8	16006.7151	16006.7985	16006.6141	16007.094	0.0459260326	0.0564169909	0	0	0	0	3
113	27	0	2.825	16006.7298	16006.7934	16006.6141	16007.094	0.038204425	0.0564169909	0	0	0	0	3
114	27	0	2.85	16006.9159	16006.8055	16006.6141	16007.094	0.038204425	0.0564169909	0	0	0	0	3
115	27	0	2.875	16006.7227	16006.796	16006.6141	16007.094	0.0248026518	0.0564169909	0	0	0	0	3
116	27	0	2.9	16006.9922	16006.812	16006.6141	16007.094	0.0261536791	0.0564169909	0	0	0	0	3
117	28	0	2.925	16007.0383	16006.8199	16006.6141	16007.094	0.0340608384	0.0564169909	0	0	0	0	3
118	28	0	2.95	16006.875	16006.8323	16006.616	16007.094	0.046486068	0.0564169909	0	0	0	0	3
119	28	0	2.975	16006.746	16006.8247	16006.616	16007.094	0.046486068	0.0564169909	0	0	0	0	3
120	28	0	3	16007.351	16006.8579	16006.616	16007.351	0.0720382122	0.0564169909	0	0	0	0	3
121	28	0	3.025	16006.5662	16006.8371	16006.5662	16007.351	0.0720382122	0.0564169909	0	0	0	0	3
122	29	0	3.05	16007.1997	16006.8641	16006.5662	16007.351	0.0783008131	0.0564169909	0	0	0	0	3
123	29	0	3.075	16006.7109	16006.8583	16006.5662	16007.351	0.0781552295	0.0564169909	0	0	0	0	3
124	29	0	3.1	16006.9982	16006.8648	16006.5662	16007.351	0.0788575817	0.0564169909	0	0	0	0	3
125	29	0	3.125	16006.8113	16006.8662	16006.5662	16007.351	0.0802043256	0.0564169909	0	0	0	0	3
126	29	0	3.15	16007.0881	16006.8816	16006.5662	16007.351	0.095650769	0.0564169909	0	0	0	0	3
127	29	0	3.175	16006.909	16006.8866	16006.5662	16007.351	0.0991645662	0.0564169909	0	0	0	0	3
128	30	0	3.2	16007.0914	16006.8999	16006.5662	16007.351	0.111352049	0.0564169909	0	0	0	0	3
129	30	0	3.225	16006.7322	16006.8935	16006.5662	16007.351	0.111352049	0.0564169909	0	0	0	0	3
130	30	0	3.25	16007.1746	16006.9085	16006.5662	16007.351	0.11990418	0.0564169909	0	0	0	0	3
131	30	0	3.275	16006.9791	16006.9258	16006.5662	16007.351	0.132333972	0.0564169909	0	0	0	0	3
132	30	0	3.3	16007.0416	16006.9233	16006.5662	16007.351	0.132333972	0.0564169909	0	0	0	0	3
133	31	0	3.325	16007.0528	16006.9393	16006.5662	16007.351	0.14591556	0.0564169909	0	0	0	0	3
134	31	0	3.35	16007.0693	16006.9555	16006.5662	16007.351	0.159531702	0.0564169909	0	0	0	0	3
135	31	0	3.375	16007.2597	16006.9719	16006.5662	16007.351	0.175900297	0.0564169909	0	0	0	0	3
136	31	0	3.4	16006.941	16006.9823	16006.5662	16007.351	0.170267069	0.0564169909	0	0	0	0	3
137	31	0	3.425	16007.2954	16006.9967	16006.5662	16007.351	0.176797315	0.0564169909	0	0	0	0	3
138	31	0	3.45	16006.9472	16006.9924	16006.5662	16007.351	0.172010852	0.0564169909	0	0	0	0	3
139	32	0	3.475	16007.1232	16007.0042	16006.5662	16007.351	0.17949406	0.0564169909	0	0	0	0	3
140	32	0	3.5	16007.1093	16007.0215	16006.5662	16007.351	0.18442208	0.0564169909	0	0	0	0	3
141	32	0	3.525	16007.1574	16007.0123	16006.5662	16007.2954	0.18442208	0.0564169909	0	0	0	0	3
142	32	0	3.55	16007.1232	16007.0388	16006.7109	16007.2954	0.180513842	0.0564169909	0	0	0	0	3
143	32	0	3.575	16007.252	16007.0413	16006.7109	16007.2954	0.18300323	0.0564169909	0	0	0	0	3
144	32	0	3.6	16007.268	16007.0678	16006.7322	16007.2954	0.202958912	0.0564169909	0	0	0	0	3
145	33	0	3.625	16007.2867	16007.0815	16006.7322	16007.2954	0.215350788	0.0564169909	0	0	0	0	3
146	33	0	3.65	16007.2099	16007.1005	16006.7322	16007.2954	0.218887456	0.0564169909	0	0	0	0	3
147	33	0	3.675	16007.3536	16007.1132	16006.7322	16007.3536	0.226580554	0.0564169909	0	0	0	0	3
148	33	0	3.7	16007.2831	16007.131	16006.7322	16007.3536	0.237496024	0.0564169909	0	0	0	0	3
149	33	0	3.725	16007.4277	16007.147	16006.7322	16007.4277	0.253509894	0.0564169909	0	0	0	0	3
150	33	0	3.75	16007.5615	16007.1865	16006.941	16007.5615	0.278025335	0.0564169909	0	0	0	0	3
151	34	0	3.775	16007.3268	16007.1937	16006.941	16007.5615	0.270481563	0.0564169909	0	0	0	0	3
152	34	0	3.8	16007.5425	16007.2206	16006.941	16007.5615	0.297311296	0.0564169909	0	0	0	0	3
153	34	0	3.825	16007.5079	16007.2428	16006.941	16007.5615	0.303438872	0.0564169909	0	0	0	0	3
154	34	0	3.85	16007.5245	16007.2652	16006.941	16007.5615	0.309737498	0.0564169909	0	0	0	0	3
155	34	0	3.875	16007.5274	16007.287	16006.941	16007.5615	0.315185216	0.0564169909	0	0	0	0	3
156	35	0	3.9	16007.7173	16007.3088	16006.941	16007.7173	0.326580336	0.0564169909	0	0	0	0	3
157	35	0	3.925	16007.5441	16007.3376	16006.9472	16007.7173	0.345195146	0.0564169909	0	0	0	0	3
158	35	0	3.95	16007.6855	16007.3561	16006.9472	16007.7173	0.363767743	0.0564169909	0	0	0	0	3
159	35	0	3.975	16007.5957	16007.387	16007.1093	16007.7173	0.382824956	0.0564169909	0	0	0	0	3
160	35	0	4	16007.7604	16007.4174	16007.1093	16007.7604	0.405092537	0.0564169909	0	0	0	0	3
