Iteration	CPUTime	PhysTime	Travels	Value	AvValue	MinValue	MaxValue	Delta	Criteria	PrevAvRefValue	Progress	CriteriaType	CriteriaVarType	CriteriaPercentage
1	2	0	0.025	309.749992	309.749992	309.749992	309.749992	0	0	0	0	0	0	3
2	2	0	0.05	309.749998	309.749995	309.749992	309.749998	2.71978149e-06	0	0	0	0	0	3
3	3	0	0.075	309.749998	309.749996	309.749992	309.749998	3.68725932e-06	0	0	0	0	0	3
4	3	0	0.1	309.749998	309.749996	309.749992	309.749998	4.1708858e-06	0	0	0	0	0	3
5	3	0	0.125	309.749998	309.749997	309.749992	309.749998	4.46518436e-06	0	0	0	0	0	3
6	3	0	0.15	309.749998	309.749997	309.749992	309.749998	4.66865748e-06	0	0	0	0	0	3
7	4	0	0.175	309.749998	309.749997	309.749992	309.749998	4.81462752e-06	0	0	0	0	0	3
8	4	0	0.2	309.749998	309.749997	309.749992	309.749998	4.92706511e-06	0	0	0	0	0	3
9	4	0	0.225	309.749998	309.749997	309.749992	309.749998	5.01528308e-06	0	0	0	0	0	3
10	4	0	0.25	309.749998	309.749997	309.749992	309.749998	5.08840048e-06	0	0	0	0	0	3
11	5	0	0.275	309.749998	309.749997	309.749992	309.749998	5.15145456e-06	0	0	0	0	0	3
12	5	0	0.3	309.749998	309.749997	309.749992	309.749998	5.20954387e-06	0	0	0	0	0	3
13	5	0	0.325	309.749998	309.749997	309.749992	309.749998	5.26347702e-06	0	0	0	0	0	3
14	6	0	0.35	309.749998	309.749997	309.749992	309.749998	5.31912974e-06	0	0	0	0	0	3
15	6	0	0.375	309.749998	309.749998	309.749992	309.749998	5.37459533e-06	0	0	0	0	0	3
16	7	0	0.4	309.749999	309.749998	309.749992	309.749999	5.435959e-06	0	0	0	0	0	3
17	7	0	0.425	309.749999	309.749998	309.749992	309.749999	5.50305566e-06	0	0	0	0	0	3
18	7	0	0.45	309.749999	309.749998	309.749992	309.749999	5.57471191e-06	0	0	0	0	0	3
19	7	0	0.475	309.749999	309.749998	309.749992	309.749999	5.65286985e-06	0	0	0	0	0	3
20	8	0	0.5	309.75	309.749998	309.749992	309.75	5.73735821e-06	0	0	0	0	0	3
21	8	0	0.525	309.75	309.749998	309.749998	309.75	2.35097997e-06	0	0	0	0	0	3
22	8	0	0.55	309.75	309.749998	309.749998	309.75	2.5819661e-06	0	0	0	0	0	3
23	9	0	0.575	309.750001	309.749999	309.749998	309.750001	2.25734203e-06	0	0	0	0	0	3
24	9	0	0.6	309.750001	309.749999	309.749998	309.750001	2.14832875e-06	0	0	0	0	0	3
25	9	0	0.625	309.750002	309.749999	309.749998	309.750002	2.15749384e-06	0	0	0	0	0	3
26	10	0	0.65	309.750003	309.749999	309.749998	309.750003	2.26716941e-06	0	0	0	0	0	3
27	10	0	0.675	309.750004	309.75	309.749998	309.750004	2.4564041e-06	0	0	0	0	0	3
28	10	0	0.7	309.750005	309.75	309.749998	309.750005	2.71655114e-06	0	0	0	0	0	3
29	10	0	0.725	309.750006	309.75	309.749998	309.750006	3.03916403e-06	0	0	0	0	0	3
30	11	0	0.75	309.750007	309.750001	309.749998	309.750007	3.41837085e-06	0	0	0	0	0	3
31	11	0	0.775	309.750008	309.750001	309.749998	309.750008	3.87098095e-06	0	0	0	0	0	3
32	11	0	0.8	309.75001	309.750002	309.749998	309.75001	4.3922941e-06	0	0	0	0	0	3
33	12	0	0.825	309.750011	309.750002	309.749998	309.750011	4.97275437e-06	0	0	0	0	0	3
34	12	0	0.85	309.750012	309.750003	309.749998	309.750012	5.60946449e-06	0	0	0	0	0	3
35	12	0	0.875	309.750013	309.750004	309.749999	309.750013	6.29355338e-06	0	0	0	0	0	3
36	12	0	0.9	309.750015	309.750005	309.749999	309.750015	7.04379079e-06	0	0	0	0	0	3
37	13	0	0.925	309.750016	309.750006	309.749999	309.750016	7.85572223e-06	0	0	0	0	0	3
38	13	0	0.95	309.750018	309.750007	309.749999	309.750018	8.72023759e-06	0	0	0	0	0	3
39	13	0	0.975	309.750019	309.750008	309.75	309.750019	9.63054703e-06	0	0	0	0	0	3
40	14	0	1	309.75002	309.750009	309.75	309.75002	1.02826744e-05	3.0975002e-06	0	0	0	0	3
41	14	0	1.025	309.750022	309.75001	309.75	309.750022	1.12371124e-05	3.09750022e-06	0	0	0	0	3
42	14	0	1.05	309.750023	309.750011	309.750001	309.750023	1.22261438e-05	3.09750023e-06	0	0	0	0	3
43	14	0	1.075	309.750025	309.750012	309.750001	309.750025	1.32287129e-05	3.09750025e-06	0	0	0	0	3
44	14	0	1.1	309.750026	309.750013	309.750001	309.750026	1.38909784e-05	3.09750026e-06	0	0	0	0	3
45	15	0	1.125	309.750027	309.750014	309.750002	309.750027	1.48947045e-05	3.09750027e-06	0	0	0	0	3
46	15	0	1.15	309.750028	309.750015	309.750003	309.750028	1.58965599e-05	3.09750028e-06	0	0	0	0	3
47	15	0	1.175	309.75003	309.750016	309.750004	309.75003	1.68701968e-05	3.0975003e-06	0	0	0	0	3
48	15	0	1.2	309.750031	309.750018	309.750005	309.750031	1.78100362e-05	3.09750031e-06	0	0	0	0	3
49	16	0	1.225	309.750032	309.750019	309.750006	309.750032	1.87053978e-05	3.09750032e-06	0	0	0	0	3
50	16	0	1.25	309.750033	309.75002	309.750007	309.750033	1.95519782e-05	3.09750033e-06	0	0	0	0	3
51	16	0	1.275	309.750034	309.750022	309.750008	309.750034	2.03436342e-05	3.09750034e-06	0	0	0	0	3
52	16	0	1.3	309.750035	309.750023	309.75001	309.750035	2.10541979e-05	3.09750035e-06	0	0	0	0	3
53	16	0	1.325	309.750036	309.750024	309.750011	309.750036	2.16848188e-05	3.09750036e-06	0	0	0	0	3
54	17	0	1.35	309.750037	309.750025	309.750012	309.750037	2.22363685e-05	3.09750037e-06	0	0	0	0	3
55	17	0	1.375	309.750038	309.750027	309.750013	309.750038	2.27119268e-05	3.09750038e-06	0	0	0	0	3
56	17	0	1.4	309.750039	309.750028	309.750015	309.750039	2.31052707e-05	3.09750039e-06	0	0	0	0	3
57	17	0	1.425	309.750039	309.750029	309.750016	309.750039	2.30812151e-05	3.09750039e-06	0	0	0	0	3
58	17	0	1.45	309.75004	309.75003	309.750018	309.75004	2.23662629e-05	3.0975004e-06	0	0	0	0	3
59	18	0	1.475	309.750041	309.750031	309.750019	309.750041	2.17122936e-05	3.09750041e-06	0	0	0	0	3
60	18	0	1.5	309.750041	309.750032	309.75002	309.750041	2.10373519e-05	3.09750041e-06	0	0	0	0	3
61	18	0	1.525	309.750042	309.750033	309.750022	309.750042	2.00417373e-05	3.09750042e-06	0	0	0	0	3
62	18	0	1.55	309.750042	309.750034	309.750023	309.750042	1.90069924e-05	3.09750042e-06	0	0	0	0	3
63	18	0	1.575	309.750043	309.750035	309.750025	309.750043	1.8141132e-05	3.09750043e-06	0	0	0	0	3
64	18	0	1.6	309.750043	309.750036	309.750026	309.750043	1.73256983e-05	3.09750043e-06	0	0	0	0	3
65	18	0	1.625	309.750044	309.750037	309.750027	309.750044	1.65514774e-05	3.09750044e-06	0	0	0	0	3
66	19	0	1.65	309.750044	309.750038	309.750028	309.750044	1.54220429e-05	3.09750044e-06	0	0	0	0	3
67	19	0	1.675	309.750044	309.750038	309.75003	309.750044	1.44210347e-05	3.09750044e-06	0	0	0	0	3
68	19	0	1.7	309.750044	309.750039	309.750031	309.750044	1.34654535e-05	3.09750044e-06	0	0	0	0	3
69	19	0	1.725	309.750045	309.75004	309.750032	309.750045	1.26755584e-05	3.09750045e-06	0	0	0	0	3
70	19	0	1.75	309.750045	309.75004	309.750033	309.750045	1.19955713e-05	3.09750045e-06	0	0	0	0	3
71	19	0	1.775	309.750045	309.750041	309.750034	309.750045	1.0945792e-05	3.09750045e-06	0	0	0	0	3
72	20	0	1.8	309.750045	309.750042	309.750035	309.750045	1.00245927e-05	3.09750045e-06	0	0	0	0	3
73	20	0	1.825	309.750045	309.750042	309.750036	309.750045	9.29109308e-06	3.09750045e-06	0	0	0	0	3
74	20	0	1.85	309.750046	309.750042	309.750037	309.750046	8.59096571e-06	3.09750046e-06	0	0	0	0	3
75	20	0	1.875	309.750046	309.750043	309.750038	309.750046	7.98882974e-06	3.09750046e-06	0	0	0	0	3
76	20	0	1.9	309.750046	309.750043	309.750039	309.750046	7.13739064e-06	3.09750046e-06	0	0	0	0	3
77	20	0	1.925	309.750046	309.750044	309.750039	309.750046	6.40870257e-06	3.09750046e-06	0	0	0	0	3
78	21	0	1.95	309.750046	309.750044	309.75004	309.750046	5.87890781e-06	3.09750046e-06	0	0	0	0	3
79	21	0	1.975	309.750046	309.750044	309.750041	309.750046	5.28321323e-06	3.09750046e-06	0	0	0	0	3
80	21	0	2	309.750046	309.750044	309.750041	309.750046	4.86397164e-06	3.09750046e-06	0	0	0	0	3
81	21	0	2.025	309.750046	309.750045	309.750042	309.750046	4.37530082e-06	3.09750046e-06	0	0	0	0	3
82	21	0	2.05	309.750046	309.750045	309.750042	309.750046	4.01156888e-06	3.09750046e-06	0	0	0	0	3
83	21	0	2.075	309.750046	309.750045	309.750043	309.750046	3.63161234e-06	3.09750046e-06	0	0	0	0	3
84	22	0	2.1	309.750047	309.750045	309.750043	309.750047	3.3163426e-06	3.09750047e-06	0	0	0	0	3
85	22	0	2.125	309.750047	309.750045	309.750044	309.750047	3.05537623e-06	3.09750047e-06	0	0	0	0	3
86	22	0	2.15	309.750047	309.750046	309.750044	309.750047	2.83377773e-06	3.09750047e-06	0	0	0	0	3
87	22	0	2.175	309.750047	309.750046	309.750044	309.750047	2.6283214e-06	3.09750047e-06	0	0	0	0	3
88	22	0	2.2	309.750047	309.750046	309.750044	309.750047	2.43614579e-06	3.09750047e-06	0	0	0	0	3
89	22	0	2.225	309.750047	309.750046	309.750045	309.750047	2.28994179e-06	3.09750047e-06	0	0	0	0	3
90	23	0	2.25	309.750047	309.750046	309.750045	309.750047	2.09874872e-06	3.09750047e-06	0	0	0	0	3
91	23	0	2.275	309.750047	309.750046	309.750045	309.750047	1.98720403e-06	3.09750047e-06	0	0	0	0	3
92	23	0	2.3	309.750047	309.750046	309.750045	309.750047	1.88483159e-06	3.09750047e-06	0	0	0	0	3
93	23	0	2.325	309.750047	309.750046	309.750045	309.750047	1.75162484e-06	3.09750047e-06	0	0	0	0	3
94	23	0	2.35	309.750047	309.750046	309.750046	309.750047	1.65544463e-06	3.09750047e-06	0	0	0	0	3
95	24	0	2.375	309.750047	309.750047	309.750046	309.750047	1.58796882e-06	3.09750047e-06	0	0	0	0	3
96	24	0	2.4	309.750047	309.750047	309.750046	309.750047	1.4846417e-06	3.09750047e-06	0	0	0	0	3
97	24	0	2.425	309.750047	309.750047	309.750046	309.750047	1.47132249e-06	3.09750047e-06	0	0	0	0	3
98	24	0	2.45	309.750047	309.750047	309.750046	309.750047	1.3180919e-06	3.09750047e-06	0	0	0	0	3
99	24	0	2.475	309.750047	309.750047	309.750046	309.750047	1.33732243e-06	3.09750047e-06	0	0	0	0	3
100	24	0	2.5	309.750047	309.750047	309.750046	309.750047	1.21144956e-06	3.09750047e-06	0	0	0	0	3
101	25	0	2.525	309.750048	309.750047	309.750046	309.750048	1.23705297e-06	3.09750048e-06	0	0	0	0	3
102	25	0	2.55	309.750048	309.750047	309.750046	309.750048	1.11459354e-06	3.09750048e-06	0	0	0	0	3
103	25	0	2.575	309.750048	309.750047	309.750046	309.750048	1.07011073e-06	3.09750048e-06	0	0	0	0	3
104	25	0	2.6	309.750048	309.750047	309.750047	309.750048	1.06761678e-06	3.09750048e-06	0	0	0	0	3
105	25	0	2.625	309.750048	309.750047	309.750047	309.750048	1.01816113e-06	3.09750048e-06	0	0	0	0	3
106	25	0	2.65	309.750048	309.750047	309.750047	309.750048	9.62594129e-07	3.09750048e-06	0	0	0	0	3
107	26	0	2.675	309.750048	309.750047	309.750047	309.750048	9.23077607e-07	3.09750048e-06	0	0	0	0	3
108	26	0	2.7	309.750048	309.750047	309.750047	309.750048	8.9949242e-07	3.09750048e-06	0	0	0	0	3
109	26	0	2.725	309.750048	309.750047	309.750047	309.750048	8.54675307e-07	3.09750048e-06	0	0	0	0	3
110	26	0	2.75	309.750048	309.750047	309.750047	309.750048	9.09059338e-07	3.09750048e-06	0	0	0	0	3
111	26	0	2.775	309.750048	309.750047	309.750047	309.750048	8.30542319e-07	3.09750048e-06	0	0	0	0	3
112	26	0	2.8	309.750048	309.750048	309.750047	309.750048	8.35856042e-07	3.09750048e-06	0	0	0	0	3
113	27	0	2.825	309.750048	309.750048	309.750047	309.750048	7.76183015e-07	3.09750048e-06	0	0	0	0	3
114	27	0	2.85	309.750048	309.750048	309.750047	309.750048	7.76183015e-07	3.09750048e-06	0	0	0	0	3
115	27	0	2.875	309.750048	309.750048	309.750047	309.750048	7.16934665e-07	3.09750048e-06	0	0	0	0	3
116	27	0	2.9	309.750048	309.750048	309.750047	309.750048	7.1465405e-07	3.09750048e-06	0	0	0	0	3
117	28	0	2.925	309.750048	309.750048	309.750047	309.750048	6.3608104e-07	3.09750048e-06	0	0	0	0	3
118	28	0	2.95	309.750048	309.750048	309.750047	309.750048	6.90792149e-07	3.09750048e-06	0	0	0	0	3
119	28	0	2.975	309.750048	309.750048	309.750047	309.750048	6.80628659e-07	3.09750048e-06	0	0	0	0	3
120	28	0	3	309.750048	309.750048	309.750047	309.750048	6.80628659e-07	3.09750048e-06	0	0	0	0	3
121	28	0	3.025	309.750048	309.750048	309.750048	309.750048	6.61794616e-07	3.09750048e-06	0	0	0	0	3
122	29	0	3.05	309.750048	309.750048	309.750048	309.750048	6.61794616e-07	3.09750048e-06	0	0	0	0	3
123	29	0	3.075	309.750048	309.750048	309.750048	309.750048	6.41712006e-07	3.09750048e-06	0	0	0	0	3
124	29	0	3.1	309.750048	309.750048	309.750048	309.750048	5.84457382e-07	3.09750048e-06	0	0	0	0	3
125	29	0	3.125	309.750048	309.750048	309.750048	309.750048	5.64840946e-07	3.09750048e-06	0	0	0	0	3
126	29	0	3.15	309.750048	309.750048	309.750048	309.750048	5.39896462e-07	3.09750048e-06	0	0	0	0	3
127	29	0	3.175	309.750048	309.750048	309.750048	309.750048	5.3309401e-07	3.09750048e-06	0	0	0	0	3
128	30	0	3.2	309.750048	309.750048	309.750048	309.750048	5.0867817e-07	3.09750048e-06	0	0	0	0	3
129	30	0	3.225	309.750048	309.750048	309.750048	309.750048	5.61669026e-07	3.09750048e-06	0	0	0	0	3
130	30	0	3.25	309.750048	309.750048	309.750048	309.750048	5.52866197e-07	3.09750048e-06	0	0	0	0	3
131	30	0	3.275	309.750048	309.750048	309.750048	309.750048	5.52866197e-07	3.09750048e-06	0	0	0	0	3
132	30	0	3.3	309.750048	309.750048	309.750048	309.750048	4.32929539e-07	3.09750048e-06	0	0	0	0	3
133	31	0	3.325	309.750048	309.750048	309.750048	309.750048	4.37840527e-07	3.09750048e-06	0	0	0	0	3
134	31	0	3.35	309.750048	309.750048	309.750048	309.750048	4.55745806e-07	3.09750048e-06	0	0	0	0	3
135	31	0	3.375	309.750048	309.750048	309.750048	309.750048	4.13773023e-07	3.09750048e-06	0	0	0	0	3
136	31	0	3.4	309.750048	309.750048	309.750048	309.750048	4.8917525e-07	3.09750048e-06	0	0	0	0	3
137	31	0	3.425	309.750048	309.750048	309.750048	309.750048	4.69223835e-07	3.09750048e-06	0	0	0	0	3
138	31	0	3.45	309.750048	309.750048	309.750048	309.750048	4.93698735e-07	3.09750048e-06	0	0	0	0	3
139	32	0	3.475	309.750048	309.750048	309.750048	309.750048	4.93698735e-07	3.09750048e-06	0	0	0	0	3
140	32	0	3.5	309.750048	309.750048	309.750048	309.750048	4.93378593e-07	3.09750048e-06	0	0	0	0	3
141	32	0	3.525	309.750048	309.750048	309.750048	309.750048	4.11083647e-07	3.09750048e-06	0	0	0	0	3
142	32	0	3.55	309.750049	309.750048	309.750048	309.750049	4.36866912e-07	3.09750049e-06	0	0	0	0	3
143	32	0	3.575	309.750048	309.750048	309.750048	309.750049	3.47732794e-07	3.09750048e-06	0	0	0	0	3
144	32	0	3.6	309.750049	309.750048	309.750048	309.750049	3.47732794e-07	3.09750049e-06	0	0	0	0	3
145	33	0	3.625	309.750049	309.750048	309.750048	309.750049	3.42488704e-07	3.09750049e-06	0	0	0	0	3
146	33	0	3.65	309.750049	309.750048	309.750048	309.750049	3.77401591e-07	3.09750049e-06	0	0	0	0	3
147	33	0	3.675	309.750049	309.750048	309.750048	309.750049	3.26215741e-07	3.09750049e-06	0	0	0	0	3
148	33	0	3.7	309.750049	309.750048	309.750048	309.750049	3.47280888e-07	3.09750049e-06	0	0	0	0	3
149	33	0	3.725	309.750049	309.750048	309.750048	309.750049	3.2280883e-07	3.09750049e-06	0	0	0	0	3
150	33	0	3.75	309.750049	309.750048	309.750048	309.750049	3.2280883e-07	3.09750049e-06	0	0	0	0	3
151	34	0	3.775	309.750049	309.750048	309.750048	309.750049	3.0384075e-07	3.09750049e-06	0	0	0	0	3
152	34	0	3.8	309.750049	309.750048	309.750048	309.750049	2.99267526e-07	3.09750049e-06	0	0	0	0	3
153	34	0	3.825	309.750049	309.750049	309.750048	309.750049	2.80600432e-07	3.09750049e-06	0	0	0	0	3
154	34	0	3.85	309.750049	309.750049	309.750048	309.750049	2.84083399e-07	3.09750049e-06	0	0	0	0	3
155	34	0	3.875	309.750049	309.750049	309.750048	309.750049	3.02874184e-07	3.09750049e-06	0	0	0	0	3
156	35	0	3.9	309.750049	309.750049	309.750048	309.750049	2.74222259e-07	3.09750049e-06	0	0	0	0	3
157	35	0	3.925	309.750049	309.750049	309.750048	309.750049	3.0574671e-07	3.09750049e-06	0	0	0	0	3
158	35	0	3.95	309.750049	309.750049	309.750048	309.750049	2.26886527e-07	3.09750049e-06	0	0	0	0	3
159	35	0	3.975	309.750049	309.750049	309.750048	309.750049	2.46912464e-07	3.09750049e-06	0	0	0	0	3
160	35	0	4	309.750049	309.750049	309.750048	309.750049	2.26329973e-07	3.09750049e-06	0	0	0	0	3
