Iteration	CPUTime	PhysTime	Travels	Value	AvValue	MinValue	MaxValue	Delta	Criteria	PrevAvRefValue	Progress	CriteriaType	CriteriaVarType	CriteriaPercentage
1	1	0	0.025	1.58137849e-08	1.58137849e-08	1.58137849e-08	1.58137849e-08	0	0	0	0	0	0	3
2	2	0	0.05	-1.67458604e-09	7.06959943e-09	-1.67458604e-09	1.58137849e-08	8.74418547e-09	0	0	0	0	0	3
3	2	0	0.075	-1.32165684e-09	4.27251401e-09	-1.67458604e-09	1.58137849e-08	1.15412709e-08	0	0	0	0	0	3
4	2	0	0.1	2.26854776e-09	3.77152245e-09	-1.67458604e-09	1.58137849e-08	1.20422625e-08	0	0	0	0	0	3
5	2	0	0.125	1.47840947e-09	3.31289985e-09	-1.67458604e-09	1.58137849e-08	1.2500885e-08	0	0	0	0	0	3
6	2	0	0.15	-8.6355065e-11	2.74635736e-09	-1.67458604e-09	1.58137849e-08	1.30674275e-08	0	0	0	0	0	3
7	3	0	0.175	1.097602e-09	2.51082088e-09	-1.67458604e-09	1.58137849e-08	1.3302964e-08	0	0	0	0	0	3
8	3	0	0.2	1.92689653e-11	2.19937689e-09	-1.67458604e-09	1.58137849e-08	1.3614408e-08	0	0	0	0	0	3
9	3	0	0.225	-5.56159663e-11	1.94882213e-09	-1.67458604e-09	1.58137849e-08	1.38649628e-08	0	0	0	0	0	3
10	3	0	0.25	2.51158653e-10	1.77905578e-09	-1.67458604e-09	1.58137849e-08	1.40347291e-08	0	0	0	0	0	3
11	3	0	0.275	2.15734587e-10	1.63693567e-09	-1.67458604e-09	1.58137849e-08	1.41768492e-08	0	0	0	0	0	3
12	4	0	0.3	1.80270504e-10	1.51554691e-09	-1.67458604e-09	1.58137849e-08	1.4298238e-08	0	0	0	0	0	3
13	4	0	0.325	7.22182492e-11	1.40452163e-09	-1.67458604e-09	1.58137849e-08	1.44092633e-08	0	0	0	0	0	3
14	4	0	0.35	6.09444249e-10	1.34773039e-09	-1.67458604e-09	1.58137849e-08	1.44660545e-08	0	0	0	0	0	3
15	4	0	0.375	-1.64861676e-10	1.24689092e-09	-1.67458604e-09	1.58137849e-08	1.4566894e-08	0	0	0	0	0	3
16	5	0	0.4	7.08229396e-10	1.21322457e-09	-1.67458604e-09	1.58137849e-08	1.46005603e-08	0	0	0	0	0	3
17	5	0	0.425	7.29539662e-10	1.18477252e-09	-1.67458604e-09	1.58137849e-08	1.46290124e-08	0	0	0	0	0	3
18	5	0	0.45	5.98561628e-10	1.15220525e-09	-1.67458604e-09	1.58137849e-08	1.46615797e-08	0	0	0	0	0	3
19	5	0	0.475	8.96174125e-10	1.13872992e-09	-1.67458604e-09	1.58137849e-08	1.4675055e-08	0	0	0	0	0	3
20	6	0	0.5	8.07453414e-10	1.1221661e-09	-1.67458604e-09	1.58137849e-08	1.46916188e-08	0	0	0	0	0	3
21	6	0	0.525	4.39587023e-10	3.53456205e-10	-1.67458604e-09	2.26854776e-09	3.9431338e-09	0	0	0	0	0	3
22	6	0	0.55	4.60426715e-10	4.60206842e-10	-1.32165684e-09	2.26854776e-09	3.59020461e-09	0	0	0	0	0	3
23	6	0	0.575	3.96348971e-10	5.46107133e-10	-1.64861676e-10	2.26854776e-09	2.43340944e-09	0	0	0	0	0	3
24	6	0	0.6	4.59099221e-10	4.55634706e-10	-1.64861676e-10	1.47840947e-09	1.64327114e-09	0	0	0	0	0	3
25	7	0	0.625	4.86619519e-10	4.06045209e-10	-1.64861676e-10	1.097602e-09	1.26246368e-09	0	0	0	0	0	3
26	7	0	0.65	3.90929119e-10	4.29909418e-10	-1.64861676e-10	1.097602e-09	1.26246368e-09	0	0	0	0	0	3
27	7	0	0.675	4.92153482e-10	3.99636992e-10	-1.64861676e-10	8.96174125e-10	1.0610358e-09	0	0	0	0	0	3
28	7	0	0.7	1.91247813e-10	4.08235934e-10	-1.64861676e-10	8.96174125e-10	1.0610358e-09	0	0	0	0	0	3
29	7	0	0.725	7.60134889e-10	4.49023477e-10	-1.64861676e-10	8.96174125e-10	1.0610358e-09	0	0	0	0	0	3
30	8	0	0.75	7.64930977e-10	4.74712093e-10	-1.64861676e-10	8.96174125e-10	1.0610358e-09	0	0	0	0	0	3
31	8	0	0.775	8.16432807e-10	5.04747004e-10	-1.64861676e-10	8.96174125e-10	1.0610358e-09	0	0	0	0	0	3
32	8	0	0.8	3.8516999e-10	5.14991979e-10	-1.64861676e-10	8.96174125e-10	1.05106542e-09	0	0	0	0	0	3
33	8	0	0.825	3.71447772e-10	5.29953455e-10	-1.64861676e-10	8.96174125e-10	9.94274183e-10	0	0	0	0	0	3
34	9	0	0.85	8.1341833e-11	5.03548334e-10	-1.64861676e-10	8.96174125e-10	8.93434712e-10	0	0	0	0	0	3
35	9	0	0.875	6.31249466e-10	5.43353891e-10	8.1341833e-11	8.96174125e-10	8.14832292e-10	0	0	0	0	0	3
36	9	0	0.9	6.92893184e-10	5.42587081e-10	8.1341833e-11	8.96174125e-10	8.14832292e-10	0	0	0	0	0	3
37	9	0	0.925	6.32499598e-10	5.37735077e-10	8.1341833e-11	8.96174125e-10	7.98749041e-10	0	0	0	0	0	3
38	9	0	0.95	1.23704793e-09	5.69659392e-10	8.1341833e-11	1.23704793e-09	7.85273719e-10	0	0	0	0	0	3
39	10	0	0.975	6.12058817e-10	5.55453627e-10	8.1341833e-11	1.23704793e-09	7.68709894e-10	0	0	0	0	0	3
40	10	0	1	3.15743276e-10	5.3086812e-10	8.1341833e-11	1.23704793e-09	2.16203187e-10	0.00189441341	0	0	0	0	3
41	10	0	1.025	4.60312459e-10	5.31904392e-10	8.1341833e-11	1.23704793e-09	1.700224e-10	0.00189441341	0	0	0	0	3
42	10	0	1.05	6.03131667e-10	5.39039639e-10	8.1341833e-11	1.23704793e-09	1.700224e-10	0.00189441341	0	0	0	0	3
43	11	0	1.075	5.12458919e-10	5.44845137e-10	8.1341833e-11	1.23704793e-09	1.700224e-10	0.00189441341	0	0	0	0	3
44	11	0	1.1	2.33809483e-10	5.30033915e-10	8.1341833e-11	1.23704793e-09	1.700224e-10	0.00189441341	0	0	0	0	3
45	11	0	1.125	-1.62771355e-11	5.07396946e-10	-1.62771355e-11	1.23704793e-09	1.700224e-10	0.00189441341	0	0	0	0	3
46	11	0	1.15	5.63927159e-10	5.11078262e-10	-1.62771355e-11	1.23704793e-09	1.700224e-10	0.00189441341	0	0	0	0	3
47	11	0	1.175	1.7986673e-10	5.01027672e-10	-1.62771355e-11	1.23704793e-09	1.700224e-10	0.00189441341	0	0	0	0	3
48	12	0	1.2	-6.99593469e-11	4.74260394e-10	-6.99593469e-11	1.23704793e-09	1.61423458e-10	0.00189441341	0	0	0	0	3
49	12	0	1.225	1.0106854e-09	5.13281232e-10	-6.99593469e-11	1.23704793e-09	1.20635915e-10	0.00189441341	0	0	0	0	3
50	12	0	1.25	6.0446476e-10	5.05868369e-10	-6.99593469e-11	1.23704793e-09	9.53989979e-11	0.00189441341	0	0	0	0	3
51	12	0	1.275	1.93847704e-09	5.61751514e-10	-6.99593469e-11	1.93847704e-09	9.53989979e-11	0.00189441341	0	0	0	0	3
52	12	0	1.3	2.66020376e-10	5.35541399e-10	-6.99593469e-11	1.93847704e-09	9.53989979e-11	0.00189441341	0	0	0	0	3
53	12	0	1.325	1.77043065e-10	5.25630593e-10	-6.99593469e-11	1.93847704e-09	9.53989979e-11	0.00189441341	0	0	0	0	3
54	12	0	1.35	1.6100146e-09	5.84609966e-10	-6.99593469e-11	1.93847704e-09	1.10349571e-10	0.00189441341	0	0	0	0	3
55	13	0	1.375	-2.25006995e-10	5.70021926e-10	-2.25006995e-10	1.93847704e-09	1.10349571e-10	0.00189441341	0	0	0	0	3
56	13	0	1.4	3.71169793e-10	5.5763718e-10	-2.25006995e-10	1.93847704e-09	1.10349571e-10	0.00189441341	0	0	0	0	3
57	13	0	1.425	2.33080947e-10	5.35741359e-10	-2.25006995e-10	1.93847704e-09	1.10349571e-10	0.00189441341	0	0	0	0	3
58	13	0	1.45	7.90361322e-10	5.43258584e-10	-2.25006995e-10	1.93847704e-09	1.10349571e-10	0.00189441341	0	0	0	0	3
59	13	0	1.475	-8.41431955e-11	4.80344721e-10	-2.25006995e-10	1.93847704e-09	1.10349571e-10	0.00189441341	0	0	0	0	3
60	13	0	1.5	1.43141135e-10	4.58015307e-10	-2.25006995e-10	1.93847704e-09	1.26594658e-10	0.00189441341	0	0	0	0	3
61	13	0	1.525	1.5408842e-10	4.50317457e-10	-2.25006995e-10	1.93847704e-09	1.34292508e-10	0.00189441341	0	0	0	0	3
62	14	0	1.55	2.8431418e-10	4.41936587e-10	-2.25006995e-10	1.93847704e-09	1.42673379e-10	0.00189441341	0	0	0	0	3
63	14	0	1.575	1.40687708e-10	4.19915446e-10	-2.25006995e-10	1.93847704e-09	1.6469452e-10	0.00189441341	0	0	0	0	3
64	14	0	1.6	7.42257384e-10	4.3085823e-10	-2.25006995e-10	1.93847704e-09	1.6469452e-10	0.00189441341	0	0	0	0	3
65	14	0	1.625	8.81397709e-10	4.61695765e-10	-2.25006995e-10	1.93847704e-09	1.6469452e-10	0.00189441341	0	0	0	0	3
66	14	0	1.65	-2.0452837e-10	4.5273142e-10	-2.25006995e-10	1.93847704e-09	1.6469452e-10	0.00189441341	0	0	0	0	3
67	14	0	1.675	-3.45013986e-10	4.09448508e-10	-3.45013986e-10	1.93847704e-09	1.75161457e-10	0.00189441341	0	0	0	0	3
68	14	0	1.7	6.9409847e-10	4.33935734e-10	-3.45013986e-10	1.93847704e-09	1.75161457e-10	0.00189441341	0	0	0	0	3
69	15	0	1.725	-3.27748262e-10	4.21660072e-10	-3.45013986e-10	1.93847704e-09	1.75161457e-10	0.00189441341	0	0	0	0	3
70	15	0	1.75	1.47219173e-09	4.43636564e-10	-3.45013986e-10	1.93847704e-09	1.75161457e-10	0.00189441341	0	0	0	0	3
71	15	0	1.775	-6.26734736e-11	4.11868076e-10	-3.45013986e-10	1.93847704e-09	1.75161457e-10	0.00189441341	0	0	0	0	3
72	15	0	1.8	7.21014009e-10	3.53893646e-10	-3.45013986e-10	1.6100146e-09	2.30716319e-10	0.00189441341	0	0	0	0	3
73	15	0	1.825	-5.00594132e-10	3.17388194e-10	-5.00594132e-10	1.6100146e-09	2.67221772e-10	0.00189441341	0	0	0	0	3
74	15	0	1.85	5.18180315e-10	3.33632825e-10	-5.00594132e-10	1.6100146e-09	2.67221772e-10	0.00189441341	0	0	0	0	3
75	16	0	1.875	3.05909434e-11	2.58422174e-10	-5.00594132e-10	1.47219173e-09	3.11599752e-10	0.00189441341	0	0	0	0	3
76	16	0	1.9	4.26477066e-10	2.89445225e-10	-5.00594132e-10	1.47219173e-09	2.99215006e-10	0.00189441341	0	0	0	0	3
77	16	0	1.925	-9.52496376e-11	2.67234776e-10	-5.00594132e-10	1.47219173e-09	2.8483641e-10	0.00189441341	0	0	0	0	3
78	16	0	1.95	2.97851948e-10	2.70319109e-10	-5.00594132e-10	1.47219173e-09	2.8483641e-10	0.00189441341	0	0	0	0	3
79	16	0	1.975	-9.81971754e-12	2.3221525e-10	-5.00594132e-10	1.47219173e-09	2.48129471e-10	0.00189441341	0	0	0	0	3
80	16	0	2	5.31016665e-10	2.61508577e-10	-5.00594132e-10	1.47219173e-09	2.29480515e-10	0.00189441341	0	0	0	0	3
81	16	0	2.025	2.90797078e-11	2.5607708e-10	-5.00594132e-10	1.47219173e-09	2.29480515e-10	0.00189441341	0	0	0	0	3
82	17	0	2.05	2.26202234e-10	2.59511071e-10	-5.00594132e-10	1.47219173e-09	2.29480515e-10	0.00189441341	0	0	0	0	3
83	17	0	2.075	-2.94878486e-10	2.31930468e-10	-5.00594132e-10	1.47219173e-09	2.29765296e-10	0.00189441341	0	0	0	0	3
84	17	0	2.1	2.09096515e-10	2.3518803e-10	-5.00594132e-10	1.47219173e-09	2.29765296e-10	0.00189441341	0	0	0	0	3
85	17	0	2.125	1.65214443e-10	2.07709795e-10	-5.00594132e-10	1.47219173e-09	2.53985969e-10	0.00189441341	0	0	0	0	3
86	17	0	2.15	2.92404063e-10	1.79662479e-10	-5.00594132e-10	1.47219173e-09	2.73068941e-10	0.00189441341	0	0	0	0	3
87	17	0	2.175	-3.11797216e-10	1.74554438e-10	-5.00594132e-10	1.47219173e-09	2.69082125e-10	0.00189441341	0	0	0	0	3
88	18	0	2.2	4.24601434e-10	2.11202792e-10	-5.00594132e-10	1.47219173e-09	2.69082125e-10	0.00189441341	0	0	0	0	3
89	18	0	2.225	-8.50411438e-11	1.74100905e-10	-5.00594132e-10	1.47219173e-09	2.69535658e-10	0.00189441341	0	0	0	0	3
90	18	0	2.25	-2.27165955e-11	1.88626223e-10	-5.00594132e-10	1.47219173e-09	2.69535658e-10	0.00189441341	0	0	0	0	3
91	18	0	2.275	-3.27232772e-10	1.02939341e-10	-5.00594132e-10	7.21014009e-10	3.08928735e-10	0.00189441341	0	0	0	0	3
92	18	0	2.3	1.3564892e-10	1.12383265e-10	-5.00594132e-10	7.21014009e-10	2.50954305e-10	0.00189441341	0	0	0	0	3
93	18	0	2.325	5.67178288e-11	8.07501135e-11	-5.00594132e-10	5.31016665e-10	2.52882711e-10	0.00189441341	0	0	0	0	3
94	18	0	2.35	1.28872999e-10	1.10724739e-10	-3.27232772e-10	5.31016665e-10	2.52882711e-10	0.00189441341	0	0	0	0	3
95	19	0	2.375	3.40260012e-11	8.76697715e-11	-3.27232772e-10	5.31016665e-10	2.08695111e-10	0.00189441341	0	0	0	0	3
96	19	0	2.4	1.10190375e-10	9.14602206e-11	-3.27232772e-10	5.31016665e-10	2.08695111e-10	0.00189441341	0	0	0	0	3
97	19	0	2.425	2.55240312e-11	7.2367219e-11	-3.27232772e-10	5.31016665e-10	1.9795189e-10	0.00189441341	0	0	0	0	3
98	19	0	2.45	4.31485719e-11	7.89576099e-11	-3.27232772e-10	5.31016665e-10	1.9795189e-10	0.00189441341	0	0	0	0	3
99	19	0	2.475	1.8496683e-10	7.35821281e-11	-3.27232772e-10	5.31016665e-10	1.89141358e-10	0.00189441341	0	0	0	0	3
100	20	0	2.5	8.58218813e-11	7.81364899e-11	-3.27232772e-10	5.31016665e-10	1.89141358e-10	0.00189441341	0	0	0	0	3
101	20	0	2.525	2.15615751e-10	6.31173988e-11	-3.27232772e-10	4.24601434e-10	1.96393672e-10	0.00189441341	0	0	0	0	3
102	20	0	2.55	2.42527287e-11	6.28875427e-11	-3.27232772e-10	4.24601434e-10	1.96623529e-10	0.00189441341	0	0	0	0	3
103	20	0	2.575	1.028946e-10	5.70157505e-11	-3.27232772e-10	4.24601434e-10	1.7817228e-10	0.00189441341	0	0	0	0	3
104	20	0	2.6	-3.12460873e-10	5.6178494e-11	-3.27232772e-10	4.24601434e-10	1.79009536e-10	0.00189441341	0	0	0	0	3
105	20	0	2.625	3.47710372e-11	4.78772808e-11	-3.27232772e-10	4.24601434e-10	1.63325511e-10	0.00189441341	0	0	0	0	3
106	21	0	2.65	-1.32005153e-10	3.37239667e-11	-3.27232772e-10	4.24601434e-10	1.77478825e-10	0.00189441341	0	0	0	0	3
107	21	0	2.675	1.08902842e-10	2.49858133e-11	-3.27232772e-10	4.24601434e-10	1.86216978e-10	0.00189441341	0	0	0	0	3
108	21	0	2.7	-4.22045901e-11	3.78235574e-11	-3.27232772e-10	4.24601434e-10	1.86216978e-10	0.00189441341	0	0	0	0	3
109	21	0	2.725	1.62899455e-11	1.83801531e-11	-3.27232772e-10	2.15615751e-10	1.7024607e-10	0.00189441341	0	0	0	0	3
110	21	0	2.75	2.92546581e-11	2.38228104e-11	-3.27232772e-10	2.15615751e-10	1.7024607e-10	0.00189441341	0	0	0	0	3
111	21	0	2.775	2.14749715e-11	2.59271707e-11	-3.27232772e-10	2.15615751e-10	9.40031118e-11	0.00189441341	0	0	0	0	3
112	21	0	2.8	-8.2778884e-11	3.7567832e-11	-3.12460873e-10	2.15615751e-10	9.40031118e-11	0.00189441341	0	0	0	0	3
113	21	0	2.825	9.50077e-11	3.56325359e-11	-3.12460873e-10	2.15615751e-10	9.23445857e-11	0.00189441341	0	0	0	0	3
114	22	0	2.85	-6.54942173e-11	2.98129146e-11	-3.12460873e-10	2.15615751e-10	9.23445857e-11	0.00189441341	0	0	0	0	3
115	22	0	2.875	1.74893819e-11	2.45089328e-11	-3.12460873e-10	2.15615751e-10	7.30800675e-11	0.00189441341	0	0	0	0	3
116	22	0	2.9	1.84117274e-11	2.3765396e-11	-3.12460873e-10	2.15615751e-10	7.30800675e-11	0.00189441341	0	0	0	0	3
117	22	0	2.925	8.56645348e-14	1.85223146e-11	-3.12460873e-10	2.15615751e-10	6.05774567e-11	0.00189441341	0	0	0	0	3
118	22	0	2.95	-5.02490025e-11	1.49140749e-11	-3.12460873e-10	2.15615751e-10	6.4043535e-11	0.00189441341	0	0	0	0	3
119	22	0	2.975	5.83269933e-12	1.31371285e-11	-3.12460873e-10	2.15615751e-10	6.49993614e-11	0.00189441341	0	0	0	0	3
120	23	0	3	-5.23238705e-11	1.83757136e-12	-3.12460873e-10	2.15615751e-10	7.62989186e-11	0.00189441341	0	0	0	0	3
121	23	0	3.025	1.05443124e-11	-1.74707478e-12	-3.12460873e-10	2.15615751e-10	6.48644736e-11	0.00189441341	0	0	0	0	3
122	23	0	3.05	-3.49344334e-11	-1.3678036e-11	-3.12460873e-10	1.08902842e-10	7.65655786e-11	0.00189441341	0	0	0	0	3
123	23	0	3.075	3.37782275e-12	-1.46720791e-11	-3.12460873e-10	1.08902842e-10	7.16878296e-11	0.00189441341	0	0	0	0	3
124	23	0	3.1	3.79432705e-11	-1.77649995e-11	-3.12460873e-10	1.08902842e-10	7.39434935e-11	0.00189441341	0	0	0	0	3
125	23	0	3.125	-8.49041423e-11	-6.92896475e-12	-1.32005153e-10	1.08902842e-10	6.56422803e-11	0.00189441341	0	0	0	0	3
126	23	0	3.15	-1.01137136e-10	-1.34007825e-11	-1.32005153e-10	1.08902842e-10	5.55885569e-11	0.00189441341	0	0	0	0	3
127	24	0	3.175	1.06580165e-10	-2.03957692e-12	-1.01137136e-10	1.08902842e-10	5.55885569e-11	0.00189441341	0	0	0	0	3
128	24	0	3.2	-7.2712027e-11	-1.0687904e-11	-1.01137136e-10	1.06580165e-10	5.55885569e-11	0.00189441341	0	0	0	0	3
129	24	0	3.225	4.14855345e-12	-8.48061146e-12	-1.01137136e-10	1.06580165e-10	5.53328316e-11	0.00189441341	0	0	0	0	3
130	24	0	3.25	-1.24609867e-11	-9.84970347e-12	-1.01137136e-10	1.06580165e-10	5.53328316e-11	0.00189441341	0	0	0	0	3
131	24	0	3.275	-6.10543729e-11	-1.41501335e-11	-1.01137136e-10	1.06580165e-10	5.53328316e-11	0.00189441341	0	0	0	0	3
132	24	0	3.3	-1.64198949e-10	-2.29917488e-11	-1.64198949e-10	1.06580165e-10	6.05595808e-11	0.00189441341	0	0	0	0	3
133	24	0	3.325	6.51057094e-11	-1.59496253e-11	-1.64198949e-10	1.06580165e-10	5.86242847e-11	0.00189441341	0	0	0	0	3
134	25	0	3.35	-1.71285281e-10	-2.86302434e-11	-1.71285281e-10	1.06580165e-10	5.84431581e-11	0.00189441341	0	0	0	0	3
135	25	0	3.375	1.06442498e-10	-2.04427808e-11	-1.71285281e-10	1.06580165e-10	5.31391763e-11	0.00189441341	0	0	0	0	3
136	25	0	3.4	-1.32219537e-10	-2.75717769e-11	-1.71285281e-10	1.06580165e-10	5.23956394e-11	0.00189441341	0	0	0	0	3
137	25	0	3.425	4.41561618e-11	-2.63458515e-11	-1.71285281e-10	1.06580165e-10	4.7152558e-11	0.00189441341	0	0	0	0	3
138	25	0	3.45	-3.11213724e-11	-2.78319009e-11	-1.71285281e-10	1.06580165e-10	4.35443183e-11	0.00189441341	0	0	0	0	3
139	25	0	3.475	-7.25285279e-11	-2.88928307e-11	-1.71285281e-10	1.06580165e-10	4.20299592e-11	0.00189441341	0	0	0	0	3
140	26	0	3.5	-7.79070169e-12	-2.9541564e-11	-1.71285281e-10	1.06580165e-10	3.13791354e-11	0.00189441341	0	0	0	0	3
141	26	0	3.525	-3.90228852e-10	-4.56322775e-11	-3.90228852e-10	1.06580165e-10	4.38852027e-11	0.00189441341	0	0	0	0	3
142	26	0	3.55	1.99650869e-10	-3.66272033e-11	-3.90228852e-10	1.99650869e-10	4.35927005e-11	0.00189441341	0	0	0	0	3
143	26	0	3.575	-1.61190821e-10	-4.26394122e-11	-3.90228852e-10	1.99650869e-10	4.35927005e-11	0.00189441341	0	0	0	0	3
144	26	0	3.6	-2.00088997e-10	-5.23283084e-11	-3.90228852e-10	1.99650869e-10	5.02887315e-11	0.00189441341	0	0	0	0	3
145	26	0	3.625	4.26153735e-11	-5.21058273e-11	-3.90228852e-10	1.99650869e-10	5.02887315e-11	0.00189441341	0	0	0	0	3
146	27	0	3.65	2.03667365e-13	-4.80530745e-11	-3.90228852e-10	1.99650869e-10	5.02887315e-11	0.00189441341	0	0	0	0	3
147	27	0	3.675	-2.93054327e-10	-5.71919883e-11	-3.90228852e-10	1.99650869e-10	5.51524114e-11	0.00189441341	0	0	0	0	3
148	27	0	3.7	1.56102323e-11	-6.15238899e-11	-3.90228852e-10	1.99650869e-10	5.30432784e-11	0.00189441341	0	0	0	0	3
149	27	0	3.725	-2.06013876e-10	-6.7871597e-11	-3.90228852e-10	1.99650869e-10	5.93909855e-11	0.00189441341	0	0	0	0	3
150	27	0	3.75	-1.50888249e-10	-7.52543019e-11	-3.90228852e-10	1.99650869e-10	6.54045984e-11	0.00189441341	0	0	0	0	3
151	27	0	3.775	-1.36099683e-10	-8.11418588e-11	-3.90228852e-10	1.99650869e-10	6.69917253e-11	0.00189441341	0	0	0	0	3
152	27	0	3.8	-2.22917299e-10	-8.88496172e-11	-3.90228852e-10	1.99650869e-10	7.28999919e-11	0.00189441341	0	0	0	0	3
153	28	0	3.825	-2.28063682e-10	-9.1890795e-11	-3.90228852e-10	1.99650869e-10	7.59411697e-11	0.00189441341	0	0	0	0	3
154	28	0	3.85	-5.44297971e-11	-9.7582962e-11	-3.90228852e-10	1.99650869e-10	7.71401811e-11	0.00189441341	0	0	0	0	3
155	28	0	3.875	-2.01989817e-10	-9.90450827e-11	-3.90228852e-10	1.99650869e-10	7.86023019e-11	0.00189441341	0	0	0	0	3
156	28	0	3.9	-1.34999542e-10	-1.10542323e-10	-3.90228852e-10	1.99650869e-10	8.41964712e-11	0.00189441341	0	0	0	0	3
157	28	0	3.925	-2.84789424e-10	-1.17807555e-10	-3.90228852e-10	1.99650869e-10	9.1461704e-11	0.00189441341	0	0	0	0	3
158	28	0	3.95	-8.26519578e-11	-1.23846037e-10	-3.90228852e-10	1.99650869e-10	9.60141365e-11	0.00189441341	0	0	0	0	3
159	28	0	3.975	-2.54998282e-10	-1.34506843e-10	-3.90228852e-10	1.99650869e-10	1.05614012e-10	0.00189441341	0	0	0	0	3
160	29	0	4	-1.67476439e-10	-1.39028172e-10	-3.90228852e-10	1.99650869e-10	1.09486608e-10	0.00189441341	0	0	0	0	3
