Iteration	CPUTime	PhysTime	Travels	Value	AvValue	MinValue	MaxValue	Delta	Criteria	PrevAvRefValue	Progress	CriteriaType	CriteriaVarType	CriteriaPercentage
1	2	0	0.025	309.749987	309.749987	309.749987	309.749987	0	0	0	0	0	0	3
2	3	0	0.05	309.749996	309.749992	309.749987	309.749996	4.63500692e-06	0	0	0	0	0	3
3	3	0	0.075	309.749997	309.749993	309.749987	309.749997	6.27766804e-06	0	0	0	0	0	3
4	3	0	0.1	309.749997	309.749994	309.749987	309.749997	7.09777208e-06	0	0	0	0	0	3
5	3	0	0.125	309.749997	309.749995	309.749987	309.749997	7.59646673e-06	0	0	0	0	0	3
6	4	0	0.15	309.749997	309.749995	309.749987	309.749997	7.94253708e-06	0	0	0	0	0	3
7	4	0	0.175	309.749997	309.749995	309.749987	309.749997	8.193035e-06	0	0	0	0	0	3
8	4	0	0.2	309.749997	309.749995	309.749987	309.749997	8.3850245e-06	0	0	0	0	0	3
9	4	0	0.225	309.749997	309.749995	309.749987	309.749997	8.53835508e-06	0	0	0	0	0	3
10	5	0	0.25	309.749997	309.749996	309.749987	309.749997	8.66210172e-06	0	0	0	0	0	3
11	5	0	0.275	309.749997	309.749996	309.749987	309.749997	8.77182714e-06	0	0	0	0	0	3
12	5	0	0.3	309.749997	309.749996	309.749987	309.749997	8.87123821e-06	0	0	0	0	0	3
13	5	0	0.325	309.749997	309.749996	309.749987	309.749997	8.96211071e-06	0	0	0	0	0	3
14	6	0	0.35	309.749997	309.749996	309.749987	309.749997	9.05712915e-06	0	0	0	0	0	3
15	6	0	0.375	309.749997	309.749996	309.749987	309.749997	9.15422282e-06	0	0	0	0	0	3
16	6	0	0.4	309.749998	309.749996	309.749987	309.749998	9.25977776e-06	0	0	0	0	0	3
17	6	0	0.425	309.749998	309.749996	309.749987	309.749998	9.37775064e-06	0	0	0	0	0	3
18	7	0	0.45	309.749999	309.749996	309.749987	309.749999	9.5052938e-06	0	0	0	0	0	3
19	7	0	0.475	309.749999	309.749997	309.749987	309.749999	9.64268577e-06	0	0	0	0	0	3
20	7	0	0.5	309.75	309.749997	309.749987	309.75	9.7918886e-06	0	0	0	0	0	3
21	7	0	0.525	309.75	309.749997	309.749996	309.75	4.1830981e-06	0	0	0	0	0	3
22	8	0	0.55	309.750001	309.749998	309.749997	309.750001	4.43830203e-06	0	0	0	0	0	3
23	8	0	0.575	309.750002	309.749998	309.749997	309.750002	3.90176251e-06	0	0	0	0	0	3
24	8	0	0.6	309.750003	309.749998	309.749997	309.750003	3.73392999e-06	0	0	0	0	0	3
25	8	0	0.625	309.750004	309.749999	309.749997	309.750004	3.7644503e-06	0	0	0	0	0	3
26	9	0	0.65	309.750006	309.749999	309.749997	309.750006	3.96611199e-06	0	0	0	0	0	3
27	9	0	0.675	309.750007	309.75	309.749997	309.750007	4.3061641e-06	0	0	0	0	0	3
28	9	0	0.7	309.750009	309.75	309.749997	309.750009	4.76121176e-06	0	0	0	0	0	3
29	9	0	0.725	309.750011	309.750001	309.749997	309.750011	5.32639564e-06	0	0	0	0	0	3
30	10	0	0.75	309.750012	309.750002	309.749997	309.750012	5.98562093e-06	0	0	0	0	0	3
31	10	0	0.775	309.750014	309.750003	309.749997	309.750014	6.76615412e-06	0	0	0	0	0	3
32	10	0	0.8	309.750017	309.750004	309.749997	309.750017	7.66541484e-06	0	0	0	0	0	3
33	10	0	0.825	309.750019	309.750005	309.749997	309.750019	8.66521816e-06	0	0	0	0	0	3
34	11	0	0.85	309.750021	309.750006	309.749997	309.750021	9.7546519e-06	0	0	0	0	0	3
35	11	0	0.875	309.750023	309.750007	309.749998	309.750023	1.09217552e-05	0	0	0	0	0	3
36	11	0	0.9	309.750026	309.750009	309.749998	309.750026	1.21978076e-05	0	0	0	0	0	3
37	12	0	0.925	309.750028	309.75001	309.749999	309.750028	1.35695613e-05	0	0	0	0	0	3
38	12	0	0.95	309.750031	309.750012	309.749999	309.750031	1.50259801e-05	0	0	0	0	0	3
39	12	0	0.975	309.750033	309.750013	309.75	309.750033	1.65552225e-05	0	0	0	0	0	3
40	12	0	1	309.750035	309.750015	309.75	309.750035	1.76357138e-05	3.09750035e-06	0	0	0	0	3
41	13	0	1.025	309.750037	309.750017	309.750001	309.750037	1.92278546e-05	3.09750037e-06	0	0	0	0	3
42	13	0	1.05	309.75004	309.750019	309.750002	309.75004	2.08644447e-05	3.0975004e-06	0	0	0	0	3
43	13	0	1.075	309.750042	309.750021	309.750003	309.750042	2.25144097e-05	3.09750042e-06	0	0	0	0	3
44	13	0	1.1	309.750044	309.750022	309.750003	309.750044	2.36112994e-05	3.09750044e-06	0	0	0	0	3
45	14	0	1.125	309.750046	309.750024	309.750004	309.750046	2.52552414e-05	3.09750046e-06	0	0	0	0	3
46	14	0	1.15	309.750048	309.750026	309.750006	309.750048	2.68891361e-05	3.09750048e-06	0	0	0	0	3
47	14	0	1.175	309.75005	309.750028	309.750007	309.75005	2.8472284e-05	3.0975005e-06	0	0	0	0	3
48	14	0	1.2	309.750052	309.75003	309.750009	309.750052	2.99898265e-05	3.09750052e-06	0	0	0	0	3
49	15	0	1.225	309.750054	309.750032	309.750011	309.750054	3.14314028e-05	3.09750054e-06	0	0	0	0	3
50	15	0	1.25	309.750055	309.750035	309.750012	309.750055	3.2786678e-05	3.13649561e-06	0	0	0	0	3
51	15	0	1.275	309.750057	309.750037	309.750014	309.750057	3.40493732e-05	3.19469934e-06	0	0	0	0	3
52	15	0	1.3	309.750059	309.750039	309.750017	309.750059	3.51727408e-05	3.25158498e-06	0	0	0	0	3
53	16	0	1.325	309.75006	309.750041	309.750019	309.75006	3.61561464e-05	3.3068078e-06	0	0	0	0	3
54	16	0	1.35	309.750062	309.750043	309.750021	309.750062	3.70084642e-05	3.35913042e-06	0	0	0	0	3
55	16	0	1.375	309.750063	309.750045	309.750023	309.750063	3.7735042e-05	3.40874097e-06	0	0	0	0	3
56	16	0	1.4	309.750064	309.750047	309.750026	309.750064	3.83200644e-05	3.45681096e-06	0	0	0	0	3
57	16	0	1.425	309.750066	309.750049	309.750028	309.750066	3.76674595e-05	3.50279977e-06	0	0	0	0	3
58	16	0	1.45	309.750067	309.750051	309.750031	309.750067	3.65123378e-05	3.54623754e-06	0	0	0	0	3
59	17	0	1.475	309.750068	309.750052	309.750033	309.750068	3.5432667e-05	3.58712433e-06	0	0	0	0	3
60	17	0	1.5	309.750069	309.750054	309.750035	309.750069	3.43174635e-05	3.62510916e-06	0	0	0	0	3
61	17	0	1.525	309.75007	309.750056	309.750037	309.75007	3.25834152e-05	3.65969819e-06	0	0	0	0	3
62	17	0	1.55	309.750071	309.750057	309.75004	309.750071	3.10206339e-05	3.69105441e-06	0	0	0	0	3
63	17	0	1.575	309.750071	309.750059	309.750042	309.750071	2.95714771e-05	3.71904195e-06	0	0	0	0	3
64	17	0	1.6	309.750072	309.75006	309.750044	309.750072	2.81947719e-05	3.74394255e-06	0	0	0	0	3
65	17	0	1.625	309.750073	309.750062	309.750046	309.750073	2.69874606e-05	3.76577842e-06	0	0	0	0	3
66	18	0	1.65	309.750073	309.750063	309.750048	309.750073	2.51711107e-05	3.78331847e-06	0	0	0	0	3
67	18	0	1.675	309.750074	309.750064	309.75005	309.750074	2.3440985e-05	3.79689993e-06	0	0	0	0	3
68	18	0	1.7	309.750074	309.750065	309.750052	309.750074	2.19455858e-05	3.80680621e-06	0	0	0	0	3
69	18	0	1.725	309.750074	309.750066	309.750054	309.750074	2.07254183e-05	3.8134124e-06	0	0	0	0	3
70	19	0	1.75	309.750075	309.750067	309.750055	309.750075	1.95153984e-05	3.81685064e-06	0	0	0	0	3
71	19	0	1.775	309.750075	309.750068	309.750057	309.750075	1.78136786e-05	3.81599074e-06	0	0	0	0	3
72	19	0	1.8	309.750075	309.750069	309.750059	309.750075	1.64105157e-05	3.8112661e-06	0	0	0	0	3
73	19	0	1.825	309.750076	309.75007	309.75006	309.750076	1.51440501e-05	3.8032408e-06	0	0	0	0	3
74	19	0	1.85	309.750076	309.750071	309.750062	309.750076	1.40104733e-05	3.7922732e-06	0	0	0	0	3
75	19	0	1.875	309.750076	309.750071	309.750063	309.750076	1.30213334e-05	3.77890567e-06	0	0	0	0	3
76	20	0	1.9	309.750076	309.750072	309.750064	309.750076	1.16705392e-05	3.76177701e-06	0	0	0	0	3
77	20	0	1.925	309.750076	309.750073	309.750066	309.750076	1.04760705e-05	3.74162867e-06	0	0	0	0	3
78	20	0	1.95	309.750077	309.750073	309.750067	309.750077	9.4982197e-06	3.71902406e-06	0	0	0	0	3
79	20	0	1.975	309.750077	309.750074	309.750068	309.750077	8.6526673e-06	3.69448586e-06	0	0	0	0	3
80	20	0	2	309.750077	309.750074	309.750069	309.750077	7.89941555e-06	3.66824801e-06	0	0	0	0	3
81	20	0	2.025	309.750077	309.750074	309.75007	309.750077	7.11845456e-06	3.63944688e-06	0	0	0	0	3
82	20	0	2.05	309.750077	309.750075	309.750071	309.750077	6.47345701e-06	3.60872385e-06	0	0	0	0	3
83	21	0	2.075	309.750077	309.750075	309.750071	309.750077	5.88922256e-06	3.5764671e-06	0	0	0	0	3
84	21	0	2.1	309.750077	309.750075	309.750072	309.750077	5.3343378e-06	3.54292617e-06	0	0	0	0	3
85	21	0	2.125	309.750078	309.750076	309.750073	309.750078	4.97665502e-06	3.50869705e-06	0	0	0	0	3
86	21	0	2.15	309.750078	309.750076	309.750073	309.750078	4.47846662e-06	3.47280375e-06	0	0	0	0	3
87	21	0	2.175	309.750078	309.750076	309.750074	309.750078	4.24345495e-06	3.43581825e-06	0	0	0	0	3
88	21	0	2.2	309.750078	309.750076	309.750074	309.750078	3.89272668e-06	3.39796416e-06	0	0	0	0	3
