Iteration	CPUTime	PhysTime	Travels	Value	AvValue	MinValue	MaxValue	Delta	Criteria	PrevAvRefValue	Progress	CriteriaType	CriteriaVarType	CriteriaPercentage
1	2	0	0.025	0	0	0	0	0	0	0	0	0	0	3
2	3	0	0.05	0	0	0	0	0	0	0	0	0	0	3
3	3	0	0.075	0	0	0	0	0	0	0	0	0	0	3
4	3	0	0.1	0	0	0	0	0	0	0	0	0	0	3
5	3	0	0.125	0	0	0	0	0	0	0	0	0	0	3
6	4	0	0.15	0	0	0	0	0	0	0	0	0	0	3
7	4	0	0.175	0	0	0	0	0	0	0	0	0	0	3
8	4	0	0.2	0	0	0	0	0	0	0	0	0	0	3
9	4	0	0.225	0	0	0	0	0	0	0	0	0	0	3
10	5	0	0.25	0	0	0	0	0	0	0	0	0	0	3
11	5	0	0.275	0	0	0	0	0	0	0	0	0	0	3
12	5	0	0.3	0	0	0	0	0	0	0	0	0	0	3
13	5	0	0.325	0	0	0	0	0	0	0	0	0	0	3
14	6	0	0.35	0	0	0	0	0	0	0	0	0	0	3
15	6	0	0.375	0	0	0	0	0	0	0	0	0	0	3
16	6	0	0.4	0	0	0	0	0	0	0	0	0	0	3
17	6	0	0.425	0	0	0	0	0	0	0	0	0	0	3
18	7	0	0.45	0	0	0	0	0	0	0	0	0	0	3
19	7	0	0.475	0	0	0	0	0	0	0	0	0	0	3
20	7	0	0.5	0	0	0	0	0	0	0	0	0	0	3
21	7	0	0.525	0	0	0	0	0	0	0	0	0	0	3
22	8	0	0.55	0	0	0	0	0	0	0	0	0	0	3
23	8	0	0.575	0	0	0	0	0	0	0	0	0	0	3
24	8	0	0.6	0	0	0	0	0	0	0	0	0	0	3
25	8	0	0.625	0	0	0	0	0	0	0	0	0	0	3
26	9	0	0.65	0	0	0	0	0	0	0	0	0	0	3
27	9	0	0.675	0	0	0	0	0	0	0	0	0	0	3
28	9	0	0.7	0	0	0	0	0	0	0	0	0	0	3
29	9	0	0.725	0	0	0	0	0	0	0	0	0	0	3
30	10	0	0.75	0	0	0	0	0	0	0	0	0	0	3
31	10	0	0.775	0	0	0	0	0	0	0	0	0	0	3
32	10	0	0.8	0	0	0	0	0	0	0	0	0	0	3
33	10	0	0.825	0	0	0	0	0	0	0	0	0	0	3
34	11	0	0.85	0	0	0	0	0	0	0	0	0	0	3
35	11	0	0.875	0	0	0	0	0	0	0	0	0	0	3
36	11	0	0.9	0	0	0	0	0	0	0	0	0	0	3
37	12	0	0.925	0	0	0	0	0	0	0	0	0	0	3
38	12	0	0.95	0	0	0	0	0	0	0	0	0	0	3
39	12	0	0.975	0	0	0	0	0	0	0	0	0	0	3
40	12	0	1	0	0	0	0	0	5e-06	0	0	0	0	3
41	13	0	1.025	0	0	0	0	0	5e-06	0	0	0	0	3
42	13	0	1.05	0	0	0	0	0	5e-06	0	0	0	0	3
43	13	0	1.075	0	0	0	0	0	5e-06	0	0	0	0	3
44	13	0	1.1	0	0	0	0	0	5e-06	0	0	0	0	3
45	14	0	1.125	0	0	0	0	0	5e-06	0	0	0	0	3
46	14	0	1.15	0	0	0	0	0	5e-06	0	0	0	0	3
47	14	0	1.175	0	0	0	0	0	5e-06	0	0	0	0	3
48	14	0	1.2	0	0	0	0	0	5e-06	0	0	0	0	3
49	15	0	1.225	0	0	0	0	0	5e-06	0	0	0	0	3
50	15	0	1.25	0	0	0	0	0	5e-06	0	0	0	0	3
51	15	0	1.275	0	0	0	0	0	5e-06	0	0	0	0	3
52	15	0	1.3	0	0	0	0	0	5e-06	0	0	0	0	3
53	16	0	1.325	0	0	0	0	0	5e-06	0	0	0	0	3
54	16	0	1.35	0	0	0	0	0	5e-06	0	0	0	0	3
55	16	0	1.375	0	0	0	0	0	5e-06	0	0	0	0	3
56	16	0	1.4	0	0	0	0	0	5e-06	0	0	0	0	3
57	16	0	1.425	0	0	0	0	0	5e-06	0	0	0	0	3
58	16	0	1.45	0	0	0	0	0	5e-06	0	0	0	0	3
59	17	0	1.475	0	0	0	0	0	5e-06	0	0	0	0	3
60	17	0	1.5	0	0	0	0	0	5e-06	0	0	0	0	3
61	17	0	1.525	0	0	0	0	0	5e-06	0	0	0	0	3
62	17	0	1.55	0	0	0	0	0	5e-06	0	0	0	0	3
63	17	0	1.575	0	0	0	0	0	5e-06	0	0	0	0	3
64	17	0	1.6	0	0	0	0	0	5e-06	0	0	0	0	3
65	17	0	1.625	0	0	0	0	0	5e-06	0	0	0	0	3
66	18	0	1.65	0	0	0	0	0	5e-06	0	0	0	0	3
67	18	0	1.675	0	0	0	0	0	5e-06	0	0	0	0	3
68	18	0	1.7	0	0	0	0	0	5e-06	0	0	0	0	3
69	18	0	1.725	0	0	0	0	0	5e-06	0	0	0	0	3
70	19	0	1.75	0	0	0	0	0	5e-06	0	0	0	0	3
71	19	0	1.775	0	0	0	0	0	5e-06	0	0	0	0	3
72	19	0	1.8	0	0	0	0	0	5e-06	0	0	0	0	3
73	19	0	1.825	0	0	0	0	0	5e-06	0	0	0	0	3
74	19	0	1.85	0	0	0	0	0	5e-06	0	0	0	0	3
75	19	0	1.875	0	0	0	0	0	5e-06	0	0	0	0	3
76	20	0	1.9	0	0	0	0	0	5e-06	0	0	0	0	3
77	20	0	1.925	0	0	0	0	0	5e-06	0	0	0	0	3
78	20	0	1.95	0	0	0	0	0	5e-06	0	0	0	0	3
79	20	0	1.975	0	0	0	0	0	5e-06	0	0	0	0	3
80	20	0	2	0	0	0	0	0	5e-06	0	0	0	0	3
81	20	0	2.025	0	0	0	0	0	5e-06	0	0	0	0	3
82	20	0	2.05	0	0	0	0	0	5e-06	0	0	0	0	3
83	21	0	2.075	0	0	0	0	0	5e-06	0	0	0	0	3
84	21	0	2.1	0	0	0	0	0	5e-06	0	0	0	0	3
85	21	0	2.125	0	0	0	0	0	5e-06	0	0	0	0	3
86	21	0	2.15	0	0	0	0	0	5e-06	0	0	0	0	3
87	21	0	2.175	0	0	0	0	0	5e-06	0	0	0	0	3
88	21	0	2.2	0	0	0	0	0	5e-06	0	0	0	0	3
