Iteration	CPUTime	PhysTime	Travels	Value	AvValue	MinValue	MaxValue	Delta	Criteria	PrevAvRefValue	Progress	CriteriaType	CriteriaVarType	CriteriaPercentage
1	3	0	0.025	0	0	0	0	0	0	0	0	0	0	3
2	3	0	0.05	0	0	0	0	0	0	0	0	0	0	3
3	3	0	0.075	0	0	0	0	0	0	0	0	0	0	3
4	4	0	0.1	0	0	0	0	0	0	0	0	0	0	3
5	4	0	0.125	0	0	0	0	0	0	0	0	0	0	3
6	4	0	0.15	0	0	0	0	0	0	0	0	0	0	3
7	4	0	0.175	0	0	0	0	0	0	0	0	0	0	3
8	5	0	0.2	0	0	0	0	0	0	0	0	0	0	3
9	5	0	0.225	0	0	0	0	0	0	0	0	0	0	3
10	5	0	0.25	0	0	0	0	0	0	0	0	0	0	3
11	5	0	0.275	0	0	0	0	0	0	0	0	0	0	3
12	6	0	0.3	0	0	0	0	0	0	0	0	0	0	3
13	6	0	0.325	0	0	0	0	0	0	0	0	0	0	3
14	7	0	0.35	0	0	0	0	0	0	0	0	0	0	3
15	7	0	0.375	0	0	0	0	0	0	0	0	0	0	3
16	7	0	0.4	0	0	0	0	0	0	0	0	0	0	3
17	8	0	0.425	0	0	0	0	0	0	0	0	0	0	3
18	8	0	0.45	0	0	0	0	0	0	0	0	0	0	3
19	8	0	0.475	0	0	0	0	0	0	0	0	0	0	3
20	8	0	0.5	0	0	0	0	0	0	0	0	0	0	3
21	9	0	0.525	0	0	0	0	0	0	0	0	0	0	3
22	9	0	0.55	0	0	0	0	0	0	0	0	0	0	3
23	10	0	0.575	0	0	0	0	0	0	0	0	0	0	3
24	10	0	0.6	0	0	0	0	0	0	0	0	0	0	3
25	10	0	0.625	0	0	0	0	0	0	0	0	0	0	3
26	11	0	0.65	0	0	0	0	0	0	0	0	0	0	3
27	11	0	0.675	0	0	0	0	0	0	0	0	0	0	3
28	11	0	0.7	0	0	0	0	0	0	0	0	0	0	3
29	11	0	0.725	0	0	0	0	0	0	0	0	0	0	3
30	12	0	0.75	0	0	0	0	0	0	0	0	0	0	3
31	12	0	0.775	0	0	0	0	0	0	0	0	0	0	3
32	12	0	0.8	0	0	0	0	0	0	0	0	0	0	3
33	13	0	0.825	0	0	0	0	0	0	0	0	0	0	3
34	13	0	0.85	0	0	0	0	0	0	0	0	0	0	3
35	14	0	0.875	0	0	0	0	0	0	0	0	0	0	3
36	14	0	0.9	0	0	0	0	0	0	0	0	0	0	3
37	14	0	0.925	0	0	0	0	0	0	0	0	0	0	3
38	14	0	0.95	0	0	0	0	0	0	0	0	0	0	3
39	15	0	0.975	0	0	0	0	0	0	0	0	0	0	3
40	15	0	1	0	0	0	0	0	5e-06	0	0	0	0	3
41	15	0	1.025	0	0	0	0	0	5e-06	0	0	0	0	3
42	16	0	1.05	0	0	0	0	0	5e-06	0	0	0	0	3
43	16	0	1.075	0	0	0	0	0	5e-06	0	0	0	0	3
44	16	0	1.1	0	0	0	0	0	5e-06	0	0	0	0	3
45	17	0	1.125	0	0	0	0	0	5e-06	0	0	0	0	3
46	17	0	1.15	0	0	0	0	0	5e-06	0	0	0	0	3
47	17	0	1.175	0	0	0	0	0	5e-06	0	0	0	0	3
48	17	0	1.2	0	0	0	0	0	5e-06	0	0	0	0	3
49	17	0	1.225	0	0	0	0	0	5e-06	0	0	0	0	3
50	18	0	1.25	0	0	0	0	0	5e-06	0	0	0	0	3
51	18	0	1.275	0	0	0	0	0	5e-06	0	0	0	0	3
52	18	0	1.3	0	0	0	0	0	5e-06	0	0	0	0	3
53	18	0	1.325	0	0	0	0	0	5e-06	0	0	0	0	3
54	18	0	1.35	0	0	0	0	0	5e-06	0	0	0	0	3
55	19	0	1.375	0	0	0	0	0	5e-06	0	0	0	0	3
56	19	0	1.4	0	0	0	0	0	5e-06	0	0	0	0	3
57	19	0	1.425	0	0	0	0	0	5e-06	0	0	0	0	3
58	19	0	1.45	0	0	0	0	0	5e-06	0	0	0	0	3
59	19	0	1.475	0	0	0	0	0	5e-06	0	0	0	0	3
60	19	0	1.5	0	0	0	0	0	5e-06	0	0	0	0	3
61	20	0	1.525	0	0	0	0	0	5e-06	0	0	0	0	3
62	20	0	1.55	0	0	0	0	0	5e-06	0	0	0	0	3
63	20	0	1.575	0	0	0	0	0	5e-06	0	0	0	0	3
64	20	0	1.6	0	0	0	0	0	5e-06	0	0	0	0	3
65	21	0	1.625	0	0	0	0	0	5e-06	0	0	0	0	3
66	21	0	1.65	0	0	0	0	0	5e-06	0	0	0	0	3
67	21	0	1.675	0	0	0	0	0	5e-06	0	0	0	0	3
68	21	0	1.7	0	0	0	0	0	5e-06	0	0	0	0	3
69	22	0	1.725	0	0	0	0	0	5e-06	0	0	0	0	3
70	22	0	1.75	0	0	0	0	0	5e-06	0	0	0	0	3
71	22	0	1.775	0	0	0	0	0	5e-06	0	0	0	0	3
72	22	0	1.8	0	0	0	0	0	5e-06	0	0	0	0	3
73	22	0	1.825	0	0	0	0	0	5e-06	0	0	0	0	3
74	22	0	1.85	0	0	0	0	0	5e-06	0	0	0	0	3
75	23	0	1.875	0	0	0	0	0	5e-06	0	0	0	0	3
76	23	0	1.9	0	0	0	0	0	5e-06	0	0	0	0	3
77	23	0	1.925	0	0	0	0	0	5e-06	0	0	0	0	3
78	23	0	1.95	0	0	0	0	0	5e-06	0	0	0	0	3
79	24	0	1.975	0	0	0	0	0	5e-06	0	0	0	0	3
80	24	0	2	0	0	0	0	0	5e-06	0	0	0	0	3
81	24	0	2.025	0	0	0	0	0	5e-06	0	0	0	0	3
82	24	0	2.05	0	0	0	0	0	5e-06	0	0	0	0	3
83	24	0	2.075	0	0	0	0	0	5e-06	0	0	0	0	3
84	24	0	2.1	0	0	0	0	0	5e-06	0	0	0	0	3
85	25	0	2.125	0	0	0	0	0	5e-06	0	0	0	0	3
86	25	0	2.15	0	0	0	0	0	5e-06	0	0	0	0	3
87	25	0	2.175	0	0	0	0	0	5e-06	0	0	0	0	3
88	25	0	2.2	0	0	0	0	0	5e-06	0	0	0	0	3
89	26	0	2.225	0	0	0	0	0	5e-06	0	0	0	0	3
90	26	0	2.25	0	0	0	0	0	5e-06	0	0	0	0	3
91	26	0	2.275	0	0	0	0	0	5e-06	0	0	0	0	3
92	26	0	2.3	0	0	0	0	0	5e-06	0	0	0	0	3
93	27	0	2.325	0	0	0	0	0	5e-06	0	0	0	0	3
94	27	0	2.35	0	0	0	0	0	5e-06	0	0	0	0	3
95	27	0	2.375	0	0	0	0	0	5e-06	0	0	0	0	3
96	28	0	2.4	0	0	0	0	0	5e-06	0	0	0	0	3
97	28	0	2.425	0	0	0	0	0	5e-06	0	0	0	0	3
98	28	0	2.45	0	0	0	0	0	5e-06	0	0	0	0	3
99	28	0	2.475	0	0	0	0	0	5e-06	0	0	0	0	3
100	29	0	2.5	0	0	0	0	0	5e-06	0	0	0	0	3
101	29	0	2.525	0	0	0	0	0	5e-06	0	0	0	0	3
102	29	0	2.55	0	0	0	0	0	5e-06	0	0	0	0	3
103	29	0	2.575	0	0	0	0	0	5e-06	0	0	0	0	3
104	30	0	2.6	0	0	0	0	0	5e-06	0	0	0	0	3
105	30	0	2.625	0	0	0	0	0	5e-06	0	0	0	0	3
106	30	0	2.65	0	0	0	0	0	5e-06	0	0	0	0	3
107	30	0	2.675	0	0	0	0	0	5e-06	0	0	0	0	3
108	31	0	2.7	0	0	0	0	0	5e-06	0	0	0	0	3
109	31	0	2.725	0	0	0	0	0	5e-06	0	0	0	0	3
110	31	0	2.75	0	0	0	0	0	5e-06	0	0	0	0	3
111	31	0	2.775	0	0	0	0	0	5e-06	0	0	0	0	3
112	31	0	2.8	0	0	0	0	0	5e-06	0	0	0	0	3
113	32	0	2.825	0	0	0	0	0	5e-06	0	0	0	0	3
114	32	0	2.85	0	0	0	0	0	5e-06	0	0	0	0	3
115	32	0	2.875	0	0	0	0	0	5e-06	0	0	0	0	3
116	32	0	2.9	0	0	0	0	0	5e-06	0	0	0	0	3
117	32	0	2.925	0	0	0	0	0	5e-06	0	0	0	0	3
118	33	0	2.95	0	0	0	0	0	5e-06	0	0	0	0	3
119	33	0	2.975	0	0	0	0	0	5e-06	0	0	0	0	3
120	33	0	3	0	0	0	0	0	5e-06	0	0	0	0	3
121	33	0	3.025	0	0	0	0	0	5e-06	0	0	0	0	3
122	33	0	3.05	0	0	0	0	0	5e-06	0	0	0	0	3
123	34	0	3.075	0	0	0	0	0	5e-06	0	0	0	0	3
124	34	0	3.1	0	0	0	0	0	5e-06	0	0	0	0	3
125	34	0	3.125	0	0	0	0	0	5e-06	0	0	0	0	3
126	34	0	3.15	0	0	0	0	0	5e-06	0	0	0	0	3
127	35	0	3.175	0	0	0	0	0	5e-06	0	0	0	0	3
128	35	0	3.2	0	0	0	0	0	5e-06	0	0	0	0	3
129	35	0	3.225	0	0	0	0	0	5e-06	0	0	0	0	3
130	35	0	3.25	0	0	0	0	0	5e-06	0	0	0	0	3
131	35	0	3.275	0	0	0	0	0	5e-06	0	0	0	0	3
132	36	0	3.3	0	0	0	0	0	5e-06	0	0	0	0	3
133	36	0	3.325	0	0	0	0	0	5e-06	0	0	0	0	3
134	36	0	3.35	0	0	0	0	0	5e-06	0	0	0	0	3
135	36	0	3.375	0	0	0	0	0	5e-06	0	0	0	0	3
136	36	0	3.4	0	0	0	0	0	5e-06	0	0	0	0	3
137	37	0	3.425	0	0	0	0	0	5e-06	0	0	0	0	3
138	37	0	3.45	0	0	0	0	0	5e-06	0	0	0	0	3
139	37	0	3.475	0	0	0	0	0	5e-06	0	0	0	0	3
140	38	0	3.5	0	0	0	0	0	5e-06	0	0	0	0	3
141	38	0	3.525	0	0	0	0	0	5e-06	0	0	0	0	3
142	38	0	3.55	0	0	0	0	0	5e-06	0	0	0	0	3
143	38	0	3.575	0	0	0	0	0	5e-06	0	0	0	0	3
144	38	0	3.6	0	0	0	0	0	5e-06	0	0	0	0	3
145	39	0	3.625	0	0	0	0	0	5e-06	0	0	0	0	3
146	39	0	3.65	0	0	0	0	0	5e-06	0	0	0	0	3
147	39	0	3.675	0	0	0	0	0	5e-06	0	0	0	0	3
148	39	0	3.7	0	0	0	0	0	5e-06	0	0	0	0	3
149	39	0	3.725	0	0	0	0	0	5e-06	0	0	0	0	3
150	40	0	3.75	0	0	0	0	0	5e-06	0	0	0	0	3
151	40	0	3.775	0	0	0	0	0	5e-06	0	0	0	0	3
152	40	0	3.8	0	0	0	0	0	5e-06	0	0	0	0	3
153	40	0	3.825	0	0	0	0	0	5e-06	0	0	0	0	3
154	40	0	3.85	0	0	0	0	0	5e-06	0	0	0	0	3
155	40	0	3.875	0	0	0	0	0	5e-06	0	0	0	0	3
156	41	0	3.9	0	0	0	0	0	5e-06	0	0	0	0	3
157	41	0	3.925	0	0	0	0	0	5e-06	0	0	0	0	3
158	41	0	3.95	0	0	0	0	0	5e-06	0	0	0	0	3
159	41	0	3.975	0	0	0	0	0	5e-06	0	0	0	0	3
160	41	0	4	0	0	0	0	0	5e-06	0	0	0	0	3
