Iteration	CPUTime	PhysTime	Travels	Value	AvValue	MinValue	MaxValue	Delta	Criteria	PrevAvRefValue	Progress	CriteriaType	CriteriaVarType	CriteriaPercentage
1	3	0	0.025	2.60970072e-09	2.60970072e-09	2.60970072e-09	2.60970072e-09	0	0	0	0	0	0	3
2	4	0	0.05	-5.19496742e-10	1.04510199e-09	-5.19496742e-10	2.60970072e-09	1.56459873e-09	0	0	0	0	0	3
3	4	0	0.075	6.72509588e-12	6.98976357e-10	-5.19496742e-10	2.60970072e-09	1.91072436e-09	0	0	0	0	0	3
4	4	0	0.1	1.38336986e-10	5.58816514e-10	-5.19496742e-10	2.60970072e-09	2.0508842e-09	0	0	0	0	0	3
5	5	0	0.125	-2.45200848e-10	3.98013042e-10	-5.19496742e-10	2.60970072e-09	2.21168768e-09	0	0	0	0	0	3
6	5	0	0.15	-5.50555472e-10	2.3991829e-10	-5.50555472e-10	2.60970072e-09	2.36978243e-09	0	0	0	0	0	3
7	5	0	0.175	-8.80592781e-10	7.98452795e-11	-8.80592781e-10	2.60970072e-09	2.52985544e-09	0	0	0	0	0	3
8	6	0	0.2	2.07262477e-11	7.24554005e-11	-8.80592781e-10	2.60970072e-09	2.53724532e-09	0	0	0	0	0	3
9	6	0	0.225	-4.00748405e-10	1.98771999e-11	-8.80592781e-10	2.60970072e-09	2.58982352e-09	0	0	0	0	0	3
10	7	0	0.25	-3.84353786e-09	-3.66464306e-10	-3.84353786e-09	2.60970072e-09	2.97616502e-09	0	0	0	0	0	3
11	7	0	0.275	-1.85936818e-09	-5.0218284e-10	-3.84353786e-09	2.60970072e-09	3.11188356e-09	0	0	0	0	0	3
12	7	0	0.3	-9.01986009e-10	-5.35499771e-10	-3.84353786e-09	2.60970072e-09	3.14520049e-09	0	0	0	0	0	3
13	8	0	0.325	-1.35777876e-09	-5.98752001e-10	-3.84353786e-09	2.60970072e-09	3.20845272e-09	0	0	0	0	0	3
14	8	0	0.35	-3.54122408e-09	-8.08928578e-10	-3.84353786e-09	2.60970072e-09	3.4186293e-09	0	0	0	0	0	3
15	8	0	0.375	-2.69800621e-09	-9.34867087e-10	-3.84353786e-09	2.60970072e-09	3.5445678e-09	0	0	0	0	0	3
16	8	0	0.4	-2.44772937e-10	-8.91736202e-10	-3.84353786e-09	2.60970072e-09	3.5445678e-09	0	0	0	0	0	3
17	9	0	0.425	-2.11955689e-09	-9.63960948e-10	-3.84353786e-09	2.60970072e-09	3.57366167e-09	0	0	0	0	0	3
18	9	0	0.45	2.88251696e-10	-8.94393579e-10	-3.84353786e-09	2.60970072e-09	3.57366167e-09	0	0	0	0	0	3
19	9	0	0.475	-2.32969813e-09	-9.69935924e-10	-3.84353786e-09	2.60970072e-09	3.57963664e-09	0	0	0	0	0	3
20	10	0	0.5	-2.83311619e-09	-1.06309494e-09	-3.84353786e-09	2.60970072e-09	3.67279566e-09	0	0	0	0	0	3
21	10	0	0.525	-7.29026462e-10	-1.2300313e-09	-3.84353786e-09	2.88251696e-10	2.27513328e-09	0	0	0	0	0	3
22	10	0	0.55	-3.17176693e-09	-1.36264481e-09	-3.84353786e-09	2.88251696e-10	2.06162116e-09	0	0	0	0	0	3
23	11	0	0.575	-1.63235192e-09	-1.44459866e-09	-3.84353786e-09	2.88251696e-10	2.00341517e-09	0	0	0	0	0	3
24	11	0	0.6	-1.50960109e-09	-1.52699556e-09	-3.84353786e-09	2.88251696e-10	1.9250086e-09	0	0	0	0	0	3
25	11	0	0.625	-9.61992249e-10	-1.56283513e-09	-3.84353786e-09	2.88251696e-10	1.80275342e-09	0	0	0	0	0	3
26	11	0	0.65	-3.51591987e-09	-1.71110335e-09	-3.84353786e-09	2.88251696e-10	1.79094863e-09	0	0	0	0	0	3
27	12	0	0.675	-9.3371336e-10	-1.71375938e-09	-3.84353786e-09	2.88251696e-10	1.78621478e-09	0	0	0	0	0	3
28	12	0	0.7	-5.31379059e-10	-1.74136464e-09	-3.84353786e-09	2.88251696e-10	1.76124184e-09	0	0	0	0	0	3
29	12	0	0.725	-4.62400562e-09	-1.95252751e-09	-4.62400562e-09	2.88251696e-10	1.5860632e-09	0	0	0	0	0	3
30	12	0	0.75	-5.5097781e-10	-1.7878995e-09	-4.62400562e-09	2.88251696e-10	1.45034467e-09	0	0	0	0	0	3
31	13	0	0.775	-3.12737868e-09	-1.85130003e-09	-4.62400562e-09	2.88251696e-10	1.41702773e-09	0	0	0	0	0	3
32	13	0	0.8	1.81777801e-09	-1.71531183e-09	-4.62400562e-09	1.81777801e-09	1.35377551e-09	0	0	0	0	0	3
33	13	0	0.825	-1.40216264e-09	-1.71753102e-09	-4.62400562e-09	1.81777801e-09	1.14359893e-09	0	0	0	0	0	3
34	14	0	0.85	-1.24593053e-09	-1.60276634e-09	-4.62400562e-09	1.81777801e-09	1.0607913e-09	0	0	0	0	0	3
35	14	0	0.875	-3.99282438e-09	-1.66750725e-09	-4.62400562e-09	1.81777801e-09	1.0607913e-09	0	0	0	0	0	3
36	14	0	0.9	1.70449104e-09	-1.57004405e-09	-4.62400562e-09	1.81777801e-09	1.05813393e-09	0	0	0	0	0	3
37	14	0	0.925	-2.92271129e-10	-1.47867977e-09	-4.62400562e-09	1.81777801e-09	1.05813393e-09	0	0	0	0	0	3
38	14	0	0.95	-2.95464408e-09	-1.64082455e-09	-4.62400562e-09	1.81777801e-09	9.82591582e-10	0	0	0	0	0	3
39	15	0	0.975	2.95145235e-10	-1.50958239e-09	-4.62400562e-09	1.81777801e-09	8.89432568e-10	0	0	0	0	0	3
40	15	0	1	3.71793915e-09	-1.18202962e-09	-4.62400562e-09	3.71793915e-09	7.70497886e-10	0.000378882682	0	0	0	0	3
41	15	0	1.025	-2.39180418e-09	-1.26516851e-09	-4.62400562e-09	3.71793915e-09	7.70497886e-10	0.000378882682	0	0	0	0	3
42	15	0	1.05	-2.91104757e-09	-1.25213254e-09	-4.62400562e-09	3.71793915e-09	7.70497886e-10	0.000378882682	0	0	0	0	3
43	15	0	1.075	5.54348437e-10	-1.14279752e-09	-4.62400562e-09	3.71793915e-09	8.09729987e-10	0.000378882682	0	0	0	0	3
44	16	0	1.1	1.12589449e-11	-1.08784245e-09	-4.62400562e-09	3.71793915e-09	8.64685056e-10	0.000378882682	0	0	0	0	3
45	16	0	1.125	7.24729429e-10	-9.81445758e-10	-4.62400562e-09	3.71793915e-09	9.71081748e-10	0.000378882682	0	0	0	0	3
46	16	0	1.15	1.19739736e-11	-9.35066414e-10	-4.62400562e-09	3.71793915e-09	1.01746109e-09	0.000378882682	0	0	0	0	3
47	16	0	1.175	-8.35642431e-10	-8.07434155e-10	-4.62400562e-09	3.71793915e-09	1.14509335e-09	0.000378882682	0	0	0	0	3
48	17	0	1.2	6.01345767e-11	-7.60108063e-10	-4.62400562e-09	3.71793915e-09	1.19241944e-09	0.000378882682	0	0	0	0	3
49	17	0	1.225	5.36880716e-09	-4.79146815e-10	-4.62400562e-09	5.36880716e-09	1.47338069e-09	0.000378882682	0	0	0	0	3
50	17	0	1.25	7.90523049e-10	-2.21312116e-10	-3.99282438e-09	5.36880716e-09	1.62998791e-09	0.000378882682	0	0	0	0	3
51	17	0	1.275	-4.41585321e-09	-4.05353802e-10	-4.41585321e-09	5.36880716e-09	1.62998791e-09	0.000378882682	0	0	0	0	3
52	17	0	1.3	-3.49590198e-09	-4.2290253e-10	-4.41585321e-09	5.36880716e-09	1.49621891e-09	0.000378882682	0	0	0	0	3
53	17	0	1.325	4.27119581e-09	-3.06073111e-10	-4.41585321e-09	5.36880716e-09	1.49621891e-09	0.000378882682	0	0	0	0	3
54	18	0	1.35	-1.62092256e-09	-3.1649025e-10	-4.41585321e-09	5.36880716e-09	1.44619514e-09	0.000378882682	0	0	0	0	3
55	18	0	1.375	-2.55098596e-09	-3.78635746e-10	-4.41585321e-09	5.36880716e-09	1.44619514e-09	0.000378882682	0	0	0	0	3
56	18	0	1.4	7.2750062e-10	-1.53858365e-10	-4.41585321e-09	5.36880716e-09	1.48696619e-09	0.000378882682	0	0	0	0	3
57	18	0	1.425	-7.69285194e-11	-2.38687868e-10	-4.41585321e-09	5.36880716e-09	1.48696619e-09	0.000378882682	0	0	0	0	3
58	18	0	1.45	-7.74951245e-10	-2.61672635e-10	-4.41585321e-09	5.36880716e-09	1.48696619e-09	0.000378882682	0	0	0	0	3
59	18	0	1.475	7.34616324e-10	-8.59935687e-11	-4.41585321e-09	5.36880716e-09	1.42358882e-09	0.000378882682	0	0	0	0	3
60	19	0	1.5	-1.51644143e-10	-1.07269253e-10	-4.41585321e-09	5.36880716e-09	1.17917494e-09	0.000378882682	0	0	0	0	3
61	19	0	1.525	-4.77670417e-10	-3.07060185e-10	-4.41585321e-09	5.36880716e-09	1.17917494e-09	0.000378882682	0	0	0	0	3
62	19	0	1.55	4.8393645e-10	-1.70120155e-10	-4.41585321e-09	5.36880716e-09	1.16613897e-09	0.000378882682	0	0	0	0	3
63	19	0	1.575	6.88837992e-10	1.30296686e-12	-4.41585321e-09	5.36880716e-09	1.14410049e-09	0.000378882682	0	0	0	0	3
64	19	0	1.6	1.6241091e-09	5.22439508e-11	-4.41585321e-09	5.36880716e-09	1.1400864e-09	0.000378882682	0	0	0	0	3
65	19	0	1.625	-3.94290632e-09	-1.36049633e-10	-4.41585321e-09	5.36880716e-09	1.03368971e-09	0.000378882682	0	0	0	0	3
66	19	0	1.65	-5.67795119e-11	-1.73264345e-10	-4.41585321e-09	5.36880716e-09	9.87310365e-10	0.000378882682	0	0	0	0	3
67	20	0	1.675	2.21773839e-10	-1.63273875e-10	-4.41585321e-09	5.36880716e-09	8.59678106e-10	0.000378882682	0	0	0	0	3
68	20	0	1.7	1.69662028e-09	-4.26899359e-11	-4.41585321e-09	5.36880716e-09	8.12352014e-10	0.000378882682	0	0	0	0	3
69	20	0	1.725	-1.00720869e-09	-9.35158056e-11	-4.41585321e-09	5.36880716e-09	5.31390765e-10	0.000378882682	0	0	0	0	3
70	20	0	1.75	-7.04619506e-10	-3.82726599e-10	-4.41585321e-09	4.27119581e-09	4.75146481e-10	0.000378882682	0	0	0	0	3
71	20	0	1.775	-7.7099246e-10	-4.57084481e-10	-4.41585321e-09	4.27119581e-09	5.09328431e-10	0.000378882682	0	0	0	0	3
72	20	0	1.8	9.08797276e-10	-2.03529696e-10	-3.94290632e-09	4.27119581e-09	5.09328431e-10	0.000378882682	0	0	0	0	3
73	21	0	1.825	-2.09409356e-09	-1.36776914e-10	-3.94290632e-09	4.27119581e-09	5.09328431e-10	0.000378882682	0	0	0	0	3
74	21	0	1.85	1.70586818e-09	-2.58935373e-10	-3.94290632e-09	1.70586818e-09	5.09328431e-10	0.000378882682	0	0	0	0	3
75	21	0	1.875	-5.91131569e-10	-2.09897707e-10	-3.94290632e-09	1.70586818e-09	5.09328431e-10	0.000378882682	0	0	0	0	3
76	21	0	1.9	1.5164214e-10	-8.12011303e-11	-3.94290632e-09	1.70586818e-09	5.09328431e-10	0.000378882682	0	0	0	0	3
77	21	0	1.925	-2.03372667e-10	-1.2552843e-10	-3.94290632e-09	1.70586818e-09	5.09328431e-10	0.000378882682	0	0	0	0	3
78	21	0	1.95	5.32796144e-10	-9.64939219e-11	-3.94290632e-09	1.70586818e-09	5.09328431e-10	0.000378882682	0	0	0	0	3
79	21	0	1.975	-9.68170232e-10	-1.05694826e-10	-3.94290632e-09	1.70586818e-09	5.09328431e-10	0.000378882682	0	0	0	0	3
80	22	0	2	9.40856063e-10	-9.58738861e-11	-3.94290632e-09	1.70586818e-09	5.09328431e-10	0.000378882682	0	0	0	0	3
81	22	0	2.025	-4.47984831e-10	-1.09985347e-10	-3.94290632e-09	1.70586818e-09	5.09328431e-10	0.000378882682	0	0	0	0	3
82	22	0	2.05	-1.25542111e-09	-1.47021095e-10	-3.94290632e-09	1.70586818e-09	5.09328431e-10	0.000378882682	0	0	0	0	3
83	22	0	2.075	-1.43480617e-09	-2.38389791e-10	-3.94290632e-09	1.70586818e-09	5.09328431e-10	0.000378882682	0	0	0	0	3
84	22	0	2.1	2.16950361e-09	-1.67881904e-10	-3.94290632e-09	2.16950361e-09	5.09328431e-10	0.000378882682	0	0	0	0	3
85	22	0	2.125	-8.13255483e-10	-2.83946884e-10	-3.94290632e-09	2.16950361e-09	4.14394545e-10	0.000378882682	0	0	0	0	3
86	23	0	2.15	-9.32186008e-10	-1.4057925e-10	-2.09409356e-09	2.16950361e-09	4.14394545e-10	0.000378882682	0	0	0	0	3
