Iteration	CPUTime	PhysTime	Travels	Value	AvValue	MinValue	MaxValue	Delta	Criteria	PrevAvRefValue	Progress	CriteriaType	CriteriaVarType	CriteriaPercentage
1	2	0	0.025	0.351175814	0.351175814	0.351175814	0.351175814	0	0	0	0	0	0	3
2	3	0	0.05	0.341233791	0.346204802	0.341233791	0.351175814	0.00497101126	0	0	0	0	0	3
3	3	0	0.075	0.334755478	0.342388361	0.334755478	0.351175814	0.0087874528	0	0	0	0	0	3
4	3	0	0.1	0.331247394	0.339603119	0.331247394	0.351175814	0.0115726945	0	0	0	0	0	3
5	4	0	0.125	0.328320606	0.337346617	0.328320606	0.351175814	0.0138291971	0	0	0	0	0	3
6	4	0	0.15	0.326454411	0.335531249	0.326454411	0.351175814	0.0156445647	0	0	0	0	0	3
7	4	0	0.175	0.325162396	0.334049984	0.325162396	0.351175814	0.0171258294	0	0	0	0	0	3
8	4	0	0.2	0.324386401	0.332842036	0.324386401	0.351175814	0.0183337773	0	0	0	0	0	3
9	5	0	0.225	0.323706608	0.331826989	0.323706608	0.351175814	0.0193488249	0	0	0	0	0	3
10	5	0	0.25	0.323137134	0.330958003	0.323137134	0.351175814	0.0202178104	0	0	0	0	0	3
11	5	0	0.275	0.322576895	0.330196084	0.322576895	0.351175814	0.0209797293	0	0	0	0	0	3
12	5	0	0.3	0.322045185	0.329516843	0.322045185	0.351175814	0.021658971	0	0	0	0	0	3
13	6	0	0.325	0.321518924	0.328901618	0.321518924	0.351175814	0.0222741955	0	0	0	0	0	3
14	6	0	0.35	0.32099154	0.328336613	0.32099154	0.351175814	0.0228392011	0	0	0	0	0	3
15	6	0	0.375	0.320475263	0.327812523	0.320475263	0.351175814	0.023363291	0	0	0	0	0	3
16	6	0	0.4	0.319957712	0.327321597	0.319957712	0.351175814	0.0238542167	0	0	0	0	0	3
17	7	0	0.425	0.319927193	0.326886632	0.319927193	0.351175814	0.0242891817	0	0	0	0	0	3
18	7	0	0.45	0.320185615	0.326514353	0.319927193	0.351175814	0.0246614604	0	0	0	0	0	3
19	7	0	0.475	0.319964673	0.326169633	0.319927193	0.351175814	0.0250061804	0	0	0	0	0	3
20	7	0	0.5	0.319814133	0.325851858	0.319814133	0.351175814	0.0253239554	0	0	0	0	0	3
21	8	0	0.525	0.319845885	0.324285362	0.319814133	0.341233791	0.0214196585	0	0	0	0	0	3
22	8	0	0.55	0.319713804	0.323209363	0.319713804	0.334755478	0.0150416737	0	0	0	0	0	3
23	8	0	0.575	0.319744081	0.322458793	0.319713804	0.331247394	0.0115335901	0	0	0	0	0	3
24	8	0	0.6	0.319761361	0.321884491	0.319713804	0.328320606	0.0086068021	0	0	0	0	0	3
25	9	0	0.625	0.319839605	0.321460441	0.319713804	0.326454411	0.00674060687	0	0	0	0	0	3
26	9	0	0.65	0.319891764	0.321132309	0.319713804	0.325162396	0.00544859187	0	0	0	0	0	3
27	9	0	0.675	0.319947001	0.320871539	0.319713804	0.324386401	0.00467259718	0	0	0	0	0	3
28	9	0	0.7	0.320161519	0.320660295	0.319713804	0.323706608	0.00399280347	0	0	0	0	0	3
29	10	0	0.725	0.320367403	0.320493334	0.319713804	0.323137134	0.00342332954	0	0	0	0	0	3
30	10	0	0.75	0.320550328	0.320363994	0.319713804	0.322576895	0.0028630909	0	0	0	0	0	3
31	10	0	0.775	0.320710865	0.320270693	0.319713804	0.322045185	0.0023313805	0	0	0	0	0	3
32	10	0	0.8	0.320849199	0.320210893	0.319713804	0.321518924	0.00180511996	0	0	0	0	0	3
33	11	0	0.825	0.320970378	0.320183466	0.319713804	0.32099154	0.00127773579	0	0	0	0	0	3
34	11	0	0.85	0.321080367	0.320187907	0.319713804	0.321080367	0.0013665627	0	0	0	0	0	3
35	11	0	0.875	0.321390086	0.320233649	0.319713804	0.321390086	0.00167628151	0	0	0	0	0	3
36	11	0	0.9	0.321741957	0.320322861	0.319713804	0.321741957	0.00202815244	0	0	0	0	0	3
37	11	0	0.925	0.32208542	0.320430772	0.319713804	0.32208542	0.00237161543	0	0	0	0	0	3
38	12	0	0.95	0.322420034	0.320542493	0.319713804	0.322420034	0.00270622961	0	0	0	0	0	3
39	12	0	0.975	0.322745638	0.320681541	0.319713804	0.322745638	0.00303183372	0	0	0	0	0	3
40	12	0	1	0.323062856	0.320843977	0.319713804	0.323062856	0.00334905178	0.000942390939	0	28.1	0	0	3
41	13	0	1.025	0.323371382	0.321020252	0.319713804	0.323371382	0.00302589643	0.000942390939	0	31.1	0	0	3
42	13	0	1.05	0.323671688	0.321218147	0.319744081	0.323671688	0.00227532657	0.000942390939	0	41.4	0	0	3
43	13	0	1.075	0.323962	0.321429043	0.319761361	0.323962	0.00170102492	0.000942390939	0	55.4	0	0	3
44	13	0	1.1	0.324246398	0.321563202	0.319761361	0.324246398	0.00170102492	0.000942390939	0	55.4	0	0	3
45	13	0	1.125	0.324529821	0.321790272	0.319839605	0.324529821	0.00160680571	0.000942390939	0	58.6	0	0	3
46	14	0	1.15	0.324784628	0.322025749	0.319891764	0.324784628	0.00184228303	0.000942390939	0	51.1	0	0	3
47	14	0	1.175	0.325054046	0.322271572	0.319947001	0.325054046	0.00208810596	0.000942390939	0	45.1	0	0	3
48	14	0	1.2	0.325310561	0.32252698	0.320161519	0.325310561	0.00234351361	0.000942390939	0	40.2	0	0	3
49	14	0	1.225	0.325561352	0.322784115	0.320367403	0.325561352	0.00260064851	0.000942390939	0	36.2	0	0	3
50	14	0	1.25	0.325813525	0.323043454	0.320550328	0.325813525	0.00285998768	0.000942390939	0	32.9	0	0	3
51	14	0	1.275	0.326049261	0.323305308	0.320710865	0.326049261	0.00312184166	0.000942390939	0	30.1	0	0	3
52	15	0	1.3	0.326281608	0.323570581	0.320849199	0.326281608	0.00338711512	0.000942390939	0	27.8	0	0	3
53	15	0	1.325	0.326511133	0.323840197	0.320970378	0.326511133	0.00365673099	0.000942390939	0	25.7	0	0	3
54	15	0	1.35	0.326746108	0.324115232	0.321080367	0.326746108	0.00392732439	0.000942390939	0	23.9	0	0	3
55	15	0	1.375	0.32695376	0.324394917	0.321390086	0.32695376	0.00416126864	0.000942390939	0	22.6	0	0	3
56	15	0	1.4	0.327180133	0.324670634	0.321741957	0.327180133	0.00434777295	0.000942390939	0	21.6	0	0	3
57	15	0	1.425	0.327389264	0.324939553	0.32208542	0.327389264	0.00450878104	0.000942390939	0	20.9	0	0	3
58	15	0	1.45	0.327596699	0.325201995	0.322420034	0.327596699	0.00465950196	0.000942390939	0	20.2	0	0	3
59	16	0	1.475	0.327799236	0.325458148	0.322745638	0.327799236	0.00477660622	0.000942390939	0	19.7	0	0	3
60	16	0	1.5	0.328008487	0.325708759	0.323062856	0.328008487	0.00486478191	0.000942390939	0	19.3	0	0	3
61	16	0	1.525	0.328191931	0.325953001	0.323371382	0.328191931	0.00482054932	0.000942390939	0	19.5	0	0	3
62	16	0	1.55	0.328394992	0.326192221	0.323671688	0.328394992	0.00472330341	0.000942390939	0	19.9	0	0	3
63	16	0	1.575	0.328581287	0.326426011	0.323962	0.328581287	0.0046192867	0.000942390939	0	20.4	0	0	3
64	17	0	1.6	0.328767401	0.32665484	0.324246398	0.328767401	0.00452100283	0.000942390939	0	20.8	0	0	3
65	17	0	1.625	0.328948724	0.32687876	0.324529821	0.328948724	0.00441890325	0.000942390939	0	21.3	0	0	3
66	17	0	1.65	0.329131089	0.327097868	0.324784628	0.329131089	0.00434646118	0.000942390939	0	21.6	0	0	3
67	17	0	1.675	0.329305257	0.327313136	0.325054046	0.329305257	0.00425121093	0.000942390939	0	22.1	0	0	3
68	17	0	1.7	0.32948063	0.327523926	0.325310561	0.32948063	0.00417006914	0.000942390939	0	22.5	0	0	3
69	17	0	1.725	0.329648354	0.327730487	0.325561352	0.329648354	0.00408700205	0.000942390939	0	23	0	0	3
70	18	0	1.75	0.329815367	0.327933059	0.325813525	0.329815367	0.00400184149	0.000942390939	0	23.5	0	0	3
71	18	0	1.775	0.329981275	0.328131524	0.326049261	0.329981275	0.00393201409	0.000942390939	0	23.9	0	0	3
72	18	0	1.8	0.33014536	0.328326576	0.326281608	0.33014536	0.00386375139	0.000942390939	0	24.3	0	0	3
73	18	0	1.825	0.330303913	0.328518114	0.326511133	0.330303913	0.00379277986	0.000942390939	0	24.8	0	0	3
74	18	0	1.85	0.330463646	0.328706329	0.326746108	0.330463646	0.00371753835	0.000942390939	0	25.3	0	0	3
75	18	0	1.875	0.330619191	0.328890762	0.32695376	0.330619191	0.00366543162	0.000942390939	0	25.7	0	0	3
76	19	0	1.9	0.330773455	0.329072652	0.327180133	0.330773455	0.00359332186	0.000942390939	0	26.2	0	0	3
77	19	0	1.925	0.330921862	0.32925083	0.327389264	0.330921862	0.00353259722	0.000942390939	0	26.6	0	0	3
78	19	0	1.95	0.331071449	0.329426172	0.327596699	0.331071449	0.00347475017	0.000942390939	0	27.1	0	0	3
79	19	0	1.975	0.331217191	0.329598576	0.327799236	0.331217191	0.00341795431	0.000942390939	0	27.5	0	0	3
80	20	0	2	0.331361587	0.329768212	0.328008487	0.331361587	0.00335310053	0.000942390939	0	28.1	0	0	3
81	20	0	2.025	0.331501672	0.329934554	0.328191931	0.331501672	0.00330974096	0.000942390939	0	28.4	0	0	3
82	20	0	2.05	0.331643603	0.330098919	0.328394992	0.331643603	0.00324861168	0.000942390939	0	29	0	0	3
83	20	0	2.075	0.331782	0.330260205	0.328581287	0.331782	0.00320071248	0.000942390939	0	29.4	0	0	3
84	20	0	2.1	0.331919664	0.330419176	0.328767401	0.331919664	0.00315226282	0.000942390939	0	29.8	0	0	3
85	20	0	2.125	0.332052019	0.330575586	0.328948724	0.332052019	0.0031032942	0.000942390939	0	30.3	0	0	3
86	21	0	2.15	0.332186335	0.330729758	0.329131089	0.332186335	0.00305524548	0.000942390939	0	30.8	0	0	3
87	21	0	2.175	0.332317715	0.330881502	0.329305257	0.332317715	0.00301245858	0.000942390939	0	31.2	0	0	3
88	21	0	2.2	0.332447968	0.331031155	0.32948063	0.332447968	0.002967338	0.000942390939	0	31.7	0	0	3
89	21	0	2.225	0.332574493	0.331178482	0.329648354	0.332574493	0.00292613906	0.000942390939	0	32.2	0	0	3
90	21	0	2.25	0.332702504	0.331323918	0.329815367	0.332702504	0.00288713689	0.000942390939	0	32.6	0	0	3
91	22	0	2.275	0.332827427	0.331467349	0.329981275	0.332827427	0.00284615154	0.000942390939	0	33.1	0	0	3
92	22	0	2.3	0.332952	0.331608812	0.33014536	0.332952	0.00280663996	0.000942390939	0	33.5	0	0	3
93	22	0	2.325	0.333067013	0.331747938	0.330303913	0.333067013	0.00276310065	0.000942390939	0	34.1	0	0	3
94	22	0	2.35	0.333191082	0.331885423	0.330463646	0.333191082	0.00272743572	0.000942390939	0	34.5	0	0	3
95	22	0	2.375	0.333311191	0.33202102	0.330619191	0.333311191	0.00269199954	0.000942390939	0	35	0	0	3
96	22	0	2.4	0.333430787	0.332154906	0.330773455	0.333430787	0.00265733208	0.000942390939	0	35.4	0	0	3
97	23	0	2.425	0.333548296	0.332287041	0.330921862	0.333548296	0.00262643476	0.000942390939	0	35.8	0	0	3
98	23	0	2.45	0.333664637	0.332417649	0.331071449	0.333664637	0.0025931881	0.000942390939	0	36.3	0	0	3
99	23	0	2.475	0.333779557	0.332546607	0.331217191	0.333779557	0.00256236653	0.000942390939	0	36.7	0	0	3
100	23	0	2.5	0.333893046	0.332674028	0.331361587	0.333893046	0.00253145845	0.000942390939	0	37.2	0	0	3
101	24	0	2.525	0.334005057	0.332799908	0.331501672	0.334005057	0.00250338449	0.000942390939	0	37.6	0	0	3
102	24	0	2.55	0.334116036	0.332924401	0.331643603	0.334116036	0.00247243243	0.000942390939	0	38.1	0	0	3
103	24	0	2.575	0.334225557	0.333047352	0.331782	0.334225557	0.00244355689	0.000942390939	0	38.5	0	0	3
104	24	0	2.6	0.334333975	0.333168874	0.331919664	0.334333975	0.00241431146	0.000942390939	0	39	0	0	3
105	24	0	2.625	0.334441131	0.333288944	0.332052019	0.334441131	0.00238911284	0.000942390939	0	39.4	0	0	3
106	24	0	2.65	0.334547393	0.333407771	0.332186335	0.334547393	0.00236105773	0.000942390939	0	39.9	0	0	3
107	25	0	2.675	0.334652529	0.333525209	0.332317715	0.334652529	0.00233481414	0.000942390939	0	40.3	0	0	3
108	25	0	2.7	0.334756622	0.333641348	0.332447968	0.334756622	0.00230865403	0.000942390939	0	40.8	0	0	3
109	25	0	2.725	0.334859914	0.333756202	0.332574493	0.334859914	0.00228542132	0.000942390939	0	41.2	0	0	3
110	25	0	2.75	0.334962212	0.333869903	0.332702504	0.334962212	0.00225970791	0.000942390939	0	41.7	0	0	3
111	25	0	2.775	0.335063628	0.333982338	0.332827427	0.335063628	0.00223620146	0.000942390939	0	42.1	0	0	3
112	25	0	2.8	0.335164072	0.334093606	0.332952	0.335164072	0.002212072	0.000942390939	0	42.6	0	0	3
113	25	0	2.825	0.335263428	0.334203674	0.333067013	0.335263428	0.00219641438	0.000942390939	0	42.9	0	0	3
114	26	0	2.85	0.335362143	0.334312966	0.333191082	0.335362143	0.00217106142	0.000942390939	0	43.4	0	0	3
115	26	0	2.875	0.335459772	0.334420999	0.333311191	0.335459772	0.00214858068	0.000942390939	0	43.8	0	0	3
116	26	0	2.9	0.335556527	0.33452792	0.333430787	0.335556527	0.00212573959	0.000942390939	0	44.3	0	0	3
117	26	0	2.925	0.335652722	0.334633726	0.333548296	0.335652722	0.00210442554	0.000942390939	0	44.7	0	0	3
118	26	0	2.95	0.335747891	0.334738469	0.333664637	0.335747891	0.00208325336	0.000942390939	0	45.2	0	0	3
119	27	0	2.975	0.335842356	0.33484217	0.333779557	0.335842356	0.00206279888	0.000942390939	0	45.6	0	0	3
120	27	0	3	0.335934856	0.334944803	0.333893046	0.335934856	0.00204181034	0.000942390939	0	46.1	0	0	3
121	27	0	3.025	0.336026649	0.335046403	0.334005057	0.336026649	0.00202159209	0.000942390939	0	46.6	0	0	3
122	27	0	3.05	0.336117585	0.335147	0.334116036	0.336117585	0.00200154916	0.000942390939	0	47	0	0	3
123	27	0	3.075	0.336207816	0.335246608	0.334225557	0.336207816	0.00198225944	0.000942390939	0	47.5	0	0	3
124	27	0	3.1	0.33629739	0.335345267	0.334333975	0.33629739	0.00196341463	0.000942390939	0	47.9	0	0	3
125	27	0	3.125	0.33638622	0.335442993	0.334441131	0.33638622	0.00194508824	0.000942390939	0	48.4	0	0	3
126	28	0	3.15	0.336474421	0.335539816	0.334547393	0.336474421	0.00192702883	0.000942390939	0	48.9	0	0	3
127	28	0	3.175	0.336562058	0.335635753	0.334652529	0.336562058	0.00190952874	0.000942390939	0	49.3	0	0	3
128	28	0	3.2	0.336648915	0.335730819	0.334756622	0.336648915	0.00189229213	0.000942390939	0	49.8	0	0	3
129	28	0	3.225	0.336735357	0.335825044	0.334859914	0.336735357	0.00187544319	0.000942390939	0	50.2	0	0	3
130	28	0	3.25	0.33682112	0.335918435	0.334962212	0.33682112	0.00185890782	0.000942390939	0	50.6	0	0	3
131	28	0	3.275	0.33690625	0.336011008	0.335063628	0.33690625	0.00184262198	0.000942390939	0	51.1	0	0	3
132	29	0	3.3	0.336990906	0.336102783	0.335164072	0.336990906	0.00182683479	0.000942390939	0	51.5	0	0	3
133	29	0	3.325	0.33707488	0.336193774	0.335263428	0.33707488	0.00181145195	0.000942390939	0	52	0	0	3
134	29	0	3.35	0.337158758	0.336284028	0.335362143	0.337158758	0.00179661478	0.000942390939	0	52.4	0	0	3
135	29	0	3.375	0.337242057	0.336373548	0.335459772	0.337242057	0.00178228549	0.000942390939	0	52.8	0	0	3
136	29	0	3.4	0.337324934	0.336462365	0.335556527	0.337324934	0.00176840744	0.000942390939	0	53.2	0	0	3
137	29	0	3.425	0.337407275	0.336550496	0.335652722	0.337407275	0.00175455343	0.000942390939	0	53.7	0	0	3
138	30	0	3.45	0.33748902	0.336637939	0.335747891	0.33748902	0.0017411292	0.000942390939	0	54.1	0	0	3
139	30	0	3.475	0.337570274	0.336724719	0.335842356	0.337570274	0.00172791789	0.000942390939	0	54.5	0	0	3
140	30	0	3.5	0.337650779	0.336810834	0.335934856	0.337650779	0.00171592313	0.000942390939	0	54.9	0	0	3
141	30	0	3.525	0.337730767	0.336896354	0.336026649	0.337730767	0.00170411852	0.000942390939	0	55.3	0	0	3
142	30	0	3.55	0.337809926	0.336981272	0.336117585	0.337809926	0.00169234071	0.000942390939	0	55.6	0	0	3
143	30	0	3.575	0.337888103	0.337065582	0.336207816	0.337888103	0.00168028745	0.000942390939	0	56	0	0	3
144	31	0	3.6	0.337966139	0.337149312	0.33629739	0.337966139	0.00166874948	0.000942390939	0	56.4	0	0	3
145	31	0	3.625	0.33804358	0.337232464	0.33638622	0.33804358	0.00165736077	0.000942390939	0	56.8	0	0	3
146	31	0	3.65	0.338119854	0.337315018	0.336474421	0.338119854	0.00164543225	0.000942390939	0	57.2	0	0	3
147	31	0	3.675	0.338196053	0.337397	0.336562058	0.338196053	0.00163399487	0.000942390939	0	57.6	0	0	3
148	31	0	3.7	0.338271644	0.337478409	0.336648915	0.338271644	0.00162272917	0.000942390939	0	58	0	0	3
149	31	0	3.725	0.338346015	0.337559223	0.336735357	0.338346015	0.00161065808	0.000942390939	0	58.5	0	0	3
150	32	0	3.75	0.338420278	0.337639458	0.33682112	0.338420278	0.00159915827	0.000942390939	0	58.9	0	0	3
151	32	0	3.775	0.33849329	0.337719085	0.33690625	0.33849329	0.00158703969	0.000942390939	0	59.3	0	0	3
152	32	0	3.8	0.338566452	0.337798142	0.336990906	0.338566452	0.00157554557	0.000942390939	0	59.8	0	0	3
153	32	0	3.825	0.338638292	0.337876589	0.33707488	0.338638292	0.00156341217	0.000942390939	0	60.2	0	0	3
154	32	0	3.85	0.338710154	0.337954459	0.337158758	0.338710154	0.00155139608	0.000942390939	0	60.7	0	0	3
155	32	0	3.875	0.338780696	0.338031694	0.337242057	0.338780696	0.00153863867	0.000942390939	0	61.2	0	0	3
156	33	0	3.9	0.338850567	0.33810829	0.337324934	0.338850567	0.00152563278	0.000942390939	0	61.7	0	0	3
157	33	0	3.925	0.338919392	0.338184217	0.337407275	0.338919392	0.0015121164	0.000942390939	0	62.3	0	0	3
158	33	0	3.95	0.338987604	0.33825947	0.33748902	0.338987604	0.00149858437	0.000942390939	0	62.8	0	0	3
159	33	0	3.975	0.339054697	0.338334027	0.337570274	0.339054697	0.00148442354	0.000942390939	0	63.4	0	0	3
160	33	0	4	0.339122303	0.338407933	0.337650779	0.339122303	0.00147152368	0.000942390939	0	64	0	0	3
